1 1664506800.684855
2 1664506800.774855
3 1664506800.934855
4 1664506801.034854
5 1664506801.134854
6 1664506801.234854
7 1664506801.334854
8 1664506801.434854
9 1664506801.534854
10 1664506801.624854
11 1664506801.704854
12 1664506801.804854
13 1664506801.884854
14 1664506801.984854
15 1664506802.084853
16 1664506802.184853
17 1664506802.284853
18 1664506802.384853
19 1664506802.484853
20 1664506802.584853
21 1664506802.684853
22 1664506802.784853
23 1664506802.884853
24 1664506802.984853
25 1664506803.084852
26 1664506803.184852
27 1664506803.284852
28 1664506803.384852
29 1664506803.484852
30 1664506803.584852
31 1664506803.684852
32 1664506803.784852
33 1664506803.884852
34 1664506803.984852
35 1664506804.084852
36 1664506804.164851
37 1664506804.264852
38 1664506804.364851
39 1664506804.464851
40 1664506804.564851
41 1664506804.664851
42 1664506804.764851
43 1664506804.864851
44 1664506804.964851
45 1664506805.054851
46 1664506805.154850
47 1664506805.254850
48 1664506805.354850
49 1664506805.454850
50 1664506805.554850
51 1664506805.654850
52 1664506805.754850
53 1664506805.854850
54 1664506805.954850
55 1664506806.044850
56 1664506806.144850
57 1664506806.324849
58 1664506806.424849
59 1664506806.524849
60 1664506806.594849
61 1664506806.674849
62 1664506806.774849
63 1664506806.874849
64 1664506806.974849
65 1664506807.074849
66 1664506807.154849
67 1664506807.254848
68 1664506807.354849
69 1664506807.454848
70 1664506807.544848
71 1664506807.644848
72 1664506807.744848
73 1664506807.844848
74 1664506808.044848
75 1664506808.134848
76 1664506808.234848
77 1664506808.334847
78 1664506808.434847
79 1664506808.534847
80 1664506808.624847
81 1664506808.724847
82 1664506808.824847
83 1664506808.924847
84 1664506809.024847
85 1664506809.114847
86 1664506809.194847
87 1664506809.294847
88 1664506809.394846
89 1664506809.484846
90 1664506809.584846
91 1664506809.684846
92 1664506809.784846
93 1664506809.884846
94 1664506809.984846
95 1664506810.084846
96 1664506810.164846
97 1664506810.264846
98 1664506810.364846
99 1664506810.464845
100 1664506810.564845
101 1664506810.664845
102 1664506810.764845
103 1664506810.854845
104 1664506810.954845
105 1664506811.124845
106 1664506811.224845
107 1664506811.324845
108 1664506811.424845
109 1664506811.524844
110 1664506811.604844
111 1664506811.704844
112 1664506811.804844
113 1664506811.904844
114 1664506812.004844
115 1664506812.104844
116 1664506812.204844
117 1664506812.264844
118 1664506812.354844
119 1664506812.504843
120 1664506812.584844
121 1664506812.674843
122 1664506812.754843
123 1664506812.904843
124 1664506812.994843
125 1664506813.084843
126 1664506813.154843
127 1664506813.294843
128 1664506813.374843
129 1664506813.464843
130 1664506813.554842
131 1664506813.654842
132 1664506813.754842
133 1664506813.914842
134 1664506813.994842
135 1664506814.084842
136 1664506814.154842
137 1664506814.264842
138 1664506814.374842
139 1664506814.504842
140 1664506814.554842
141 1664506814.714841
142 1664506814.814841
143 1664506814.894841
144 1664506814.944841
145 1664506815.064841
146 1664506815.154841
147 1664506815.244841
148 1664506815.394841
149 1664506815.474841
150 1664506815.614841
151 1664506815.684840
