3 1647769565.481744 443666.256161 4436688.080952 33.428039 0.015852 0.000184 -0.488946 0.872170
4 1647769565.581732 443666.256550 4436688.080489 33.428013 0.015848 0.000189 -0.488964 0.872160
5 1647769565.681884 443666.255893 4436688.081039 33.428299 0.015868 0.000176 -0.488946 0.872170
6 1647769565.781837 443666.256763 4436688.080693 33.428247 0.015894 0.000155 -0.488754 0.872277
7 1647769565.881857 443666.255692 4436688.081123 33.428644 0.015863 0.000163 -0.488911 0.872190
8 1647769565.981852 443666.256011 4436688.080694 33.428625 0.015893 0.000149 -0.488944 0.872170
9 1647769566.081833 443666.256419 4436688.080344 33.428605 0.015882 0.000163 -0.488931 0.872178
10 1647769566.181800 443666.255366 4436688.080983 33.428976 0.015908 0.000147 -0.488943 0.872171
11 1647769566.281791 443666.254893 4436688.081611 33.429111 0.015889 0.000152 -0.488930 0.872178
12 1647769566.381878 443666.255251 4436688.081160 33.429049 0.015907 0.000159 -0.488940 0.872172
13 1647769566.481799 443666.254742 4436688.081426 33.429296 0.015912 0.000145 -0.488947 0.872169
14 1647769566.581834 443666.255164 4436688.081036 33.429286 0.015889 0.000152 -0.488940 0.872172
15 1647769566.681793 443666.254892 4436688.081132 33.429347 0.015889 0.000137 -0.488942 0.872172
16 1647769566.781789 443666.255237 4436688.080762 33.429300 0.015893 0.000139 -0.488944 0.872171
17 1647769566.881758 443666.254704 4436688.081312 33.429313 0.015886 0.000133 -0.488961 0.872161
18 1647769566.981749 443666.254936 4436688.080984 33.429280 0.015890 0.000133 -0.488977 0.872152
19 1647769567.081731 443666.255196 4436688.080705 33.429232 0.015894 0.000134 -0.488981 0.872150
20 1647769567.181839 443666.254768 4436688.081500 33.429175 0.015902 0.000133 -0.488972 0.872154
21 1647769567.281742 443666.254105 4436688.082318 33.429226 0.015899 0.000132 -0.488972 0.872155
22 1647769567.381712 443666.254264 4436688.082142 33.429189 0.015899 0.000136 -0.488983 0.872148
23 1647769567.481713 443666.253596 4436688.082844 33.429303 0.015912 0.000139 -0.488986 0.872147
24 1647769567.581726 443666.253697 4436688.082738 33.429232 0.015928 0.000149 -0.488995 0.872141
25 1647769567.681693 443666.252549 4436688.084099 33.429440 0.015926 0.000157 -0.488991 0.872143
26 1647769567.781684 443666.252552 4436688.084142 33.429384 0.015931 0.000161 -0.488993 0.872143
27 1647769567.881700 443666.251400 4436688.085279 33.429665 0.015941 0.000167 -0.488992 0.872143
28 1647769567.981675 443666.251314 4436688.085488 33.429585 0.015960 0.000177 -0.488980 0.872149
29 1647769568.081669 443666.251126 4436688.085765 33.429511 0.015973 0.000183 -0.488989 0.872143
30 1647769568.181648 443666.249649 4436688.087136 33.429787 0.015988 0.000183 -0.489000 0.872138
31 1647769568.281683 443666.248373 4436688.088183 33.430196 0.016013 0.000177 -0.489009 0.872131
32 1647769568.381653 443666.247971 4436688.088731 33.430110 0.016037 0.000185 -0.489018 0.872126
33 1647769568.481620 443666.246551 4436688.090294 33.430327 0.016057 0.000178 -0.489029 0.872120
34 1647769568.581639 443666.246081 4436688.090974 33.430253 0.016063 0.000192 -0.489027 0.872120
35 1647769568.681619 443666.245510 4436688.092437 33.430004 0.016083 0.000199 -0.489044 0.872111
36 1647769568.781624 443666.244897 4436688.093272 33.429901 0.016103 0.000214 -0.489050 0.872107
37 1647769568.881611 443666.244289 4436688.094545 33.429657 0.016130 0.000197 -0.489068 0.872097
38 1647769568.981597 443666.244757 4436688.094041 33.429598 0.016129 0.000200 -0.489059 0.872102
39 1647769569.081604 443666.245842 4436688.092735 33.429591 0.016110 0.000177 -0.489053 0.872106
40 1647769569.181598 443666.247609 4436688.091206 33.429400 0.016057 0.000157 -0.489036 0.872116
41 1647769569.281599 443666.250136 4436688.088637 33.429236 0.016010 0.000134 -0.489005 0.872135
42 1647769569.381592 443666.253545 4436688.084513 33.429309 0.015940 0.000115 -0.488953 0.872164
43 1647769569.481568 443666.257499 4436688.080149 33.429270 0.015842 0.000072 -0.488909 0.872191
44 1647769569.581533 443666.262506 4436688.073993 33.429430 0.015728 0.000025 -0.488847 0.872229
45 1647769569.681536 443666.268132 4436688.067374 33.429398 0.015576 -0.000018 -0.488760 0.872280
46 1647769569.781535 443666.274994 4436688.058963 33.429588 0.015421 -0.000049 -0.488667 0.872334
47 1647769569.881562 443666.282563 4436688.050036 33.429553 0.015253 -0.000071 -0.488520 0.872420
48 1647769569.981512 443666.291384 4436688.039342 33.429798 0.015061 -0.000094 -0.488371 0.872507
49 1647769570.081511 443666.301472 4436688.027139 33.430064 0.014868 -0.000138 -0.488173 0.872621
50 1647769570.181511 443666.312669 4436688.014032 33.430684 0.014497 -0.000180 -0.487928 0.872764
51 1647769570.281503 443666.324244 4436687.999789 33.431430 0.014131 -0.000310 -0.487671 0.872913
52 1647769570.381488 443666.336380 4436687.985494 33.432209 0.013705 -0.000534 -0.487386 0.873080
53 1647769570.481457 443666.349271 4436687.970820 33.433658 0.012939 -0.000858 -0.486995 0.873309
54 1647769570.581496 443666.362919 4436687.954849 33.434713 0.012371 -0.001287 -0.486637 0.873515
55 1647769570.681443 443666.377210 4436687.936927 33.436319 0.011827 -0.001873 -0.486199 0.873766
56 1647769570.781443 443666.392741 4436687.918482 33.437493 0.011233 -0.002410 -0.485867 0.873958
57 1647769570.881431 443666.407936 4436687.898787 33.439672 0.010526 -0.002868 -0.485610 0.874108
58 1647769570.981467 443666.423465 4436687.880380 33.440959 0.009916 -0.003248 -0.485306 0.874282
59 1647769571.081401 443666.438249 4436687.862720 33.442297 0.009369 -0.003593 -0.485042 0.874434
60 1647769571.181381 443666.451396 4436687.844796 33.444105 0.008803 -0.003819 -0.484776 0.874585
61 1647769571.281396 443666.463525 4436687.827549 33.445835 0.008300 -0.004028 -0.484512 0.874736
62 1647769571.381373 443666.477305 4436687.811003 33.446582 0.007870 -0.004098 -0.484269 0.874874
63 1647769571.481346 443666.489354 4436687.794270 33.448488 0.007331 -0.004082 -0.484128 0.874957
64 1647769571.581358 443666.503126 4436687.777702 33.449383 0.006818 -0.003982 -0.483959 0.875056
65 1647769571.681384 443666.517073 4436687.760680 33.450571 0.006375 -0.003978 -0.483837 0.875126
66 1647769571.781342 443666.531872 4436687.742679 33.451199 0.005989 -0.004134 -0.483611 0.875254
67 1647769571.881346 443666.547219 4436687.724028 33.452221 0.005609 -0.004386 -0.483418 0.875361
68 1647769571.981373 443666.563572 4436687.703496 33.453093 0.005358 -0.004801 -0.483237 0.875460
69 1647769572.081342 443666.580507 4436687.681514 33.453993 0.005254 -0.005345 -0.483176 0.875490
70 1647769572.181307 443666.598556 4436687.657584 33.454986 0.005182 -0.005836 -0.483222 0.875463
71 1647769572.281356 443666.618304 4436687.631450 33.456343 0.005019 -0.006308 -0.483263 0.875439
72 1647769572.381289 443666.640590 4436687.602802 33.457244 0.004747 -0.006785 -0.483179 0.875482
73 1647769572.481276 443666.665918 4436687.570628 33.458367 0.004433 -0.006992 -0.483236 0.875451
74 1647769572.581313 443666.693601 4436687.534611 33.458920 0.004350 -0.007362 -0.483199 0.875469
75 1647769572.681253 443666.723690 4436687.495247 33.460408 0.004312 -0.008411 -0.483300 0.875404
76 1647769572.781283 443666.757642 4436687.452778 33.461677 0.004004 -0.008944 -0.483002 0.875565
77 1647769572.881356 443666.793480 4436687.405735 33.462748 0.004009 -0.009489 -0.482816 0.875661
78 1647769572.981249 443666.832119 4436687.356323 33.464059 0.003830 -0.009991 -0.482737 0.875700
79 1647769573.081247 443666.873402 4436687.303670 33.464664 0.004246 -0.011068 -0.482273 0.875941
80 1647769573.181230 443666.915341 4436687.247127 33.465991 0.004859 -0.012407 -0.482114 0.876008
81 1647769573.281207 443666.959939 4436687.187788 33.467089 0.005341 -0.013300 -0.481867 0.876127
82 1647769573.381221 443667.007195 4436687.126889 33.468092 0.005687 -0.014249 -0.481681 0.876213
83 1647769573.481269 443667.055381 4436687.062557 33.469627 0.005675 -0.015329 -0.481454 0.876319
84 1647769573.581208 443667.106174 4436686.997608 33.470564 0.005992 -0.016249 -0.481210 0.876434
85 1647769573.681181 443667.156791 4436686.932608 33.471308 0.006586 -0.016383 -0.481077 0.876500
86 1647769573.781191 443667.207074 4436686.867806 33.470588 0.007284 -0.017850 -0.480691 0.876678
87 1647769573.881177 443667.256127 4436686.804088 33.469237 0.007782 -0.019037 -0.480459 0.876776
88 1647769573.981159 443667.304651 4436686.740264 33.469857 0.008634 -0.019850 -0.480532 0.876710
89 1647769574.081159 443667.351461 4436686.679093 33.469963 0.008251 -0.020396 -0.480982 0.876455
90 1647769574.181195 443667.397027 4436686.619989 33.470546 0.007580 -0.020007 -0.481970 0.875926
91 1647769574.281216 443667.440606 4436686.562826 33.472412 0.006553 -0.018913 -0.483104 0.875334
92 1647769574.381186 443667.481144 4436686.509569 33.474448 0.005809 -0.018148 -0.485000 0.874306
93 1647769574.481147 443667.519998 4436686.458894 33.477106 0.004154 -0.016429 -0.486682 0.873415
94 1647769574.581112 443667.554111 4436686.414478 33.479587 0.003088 -0.015296 -0.488701 0.872311
95 1647769574.681061 443667.582464 4436686.373691 33.481967 0.002407 -0.014340 -0.490504 0.871317
96 1647769574.781117 443667.606808 4436686.340409 33.483888 0.001579 -0.013802 -0.492336 0.870294
97 1647769574.881118 443667.628477 4436686.309232 33.485209 0.000511 -0.012742 -0.493774 0.869497
98 1647769574.981080 443667.648679 4436686.280733 33.486010 -0.000312 -0.011975 -0.495252 0.868667
99 1647769575.081068 443667.667110 4436686.253907 33.486602 -0.000994 -0.011291 -0.496484 0.867972
100 1647769575.181053 443667.680445 4436686.229086 33.487128 -0.001539 -0.010839 -0.497670 0.867297
101 1647769575.281056 443667.693042 4436686.205618 33.486805 -0.001805 -0.010338 -0.498640 0.866746
102 1647769575.381033 443667.706374 4436686.183641 33.486899 -0.001866 -0.009958 -0.499697 0.866142
103 1647769575.481028 443667.716734 4436686.162831 33.487189 -0.001765 -0.009509 -0.500592 0.865629
104 1647769575.581033 443667.729864 4436686.141310 33.487228 -0.002005 -0.008922 -0.501605 0.865048
105 1647769575.681020 443667.741090 4436686.119830 33.487644 -0.002262 -0.008325 -0.502498 0.864536
106 1647769575.781030 443667.755488 4436686.096108 33.487612 -0.002581 -0.007707 -0.503506 0.863954
107 1647769575.881040 443667.768510 4436686.071960 33.487936 -0.002767 -0.007195 -0.504672 0.863277
108 1647769575.981031 443667.784619 4436686.045075 33.488136 -0.002871 -0.006667 -0.505913 0.862555
109 1647769576.081013 443667.800678 4436686.017291 33.488260 -0.002734 -0.006317 -0.507128 0.861844
110 1647769576.180972 443667.815457 4436685.989381 33.488137 -0.002191 -0.005999 -0.508408 0.861093
111 1647769576.281001 443667.832103 4436685.959262 33.487457 -0.001797 -0.005491 -0.509801 0.860272
112 1647769576.380980 443667.850738 4436685.926691 33.486783 -0.001521 -0.004994 -0.511332 0.859368
113 1647769576.481004 443667.870736 4436685.893793 33.485477 -0.001311 -0.004444 -0.512899 0.858436
114 1647769576.580982 443667.891232 4436685.857682 33.484855 -0.001110 -0.003877 -0.514611 0.857414
115 1647769576.680928 443667.913908 4436685.821003 33.483725 -0.000976 -0.003200 -0.516241 0.856436
116 1647769576.780943 443667.935355 4436685.782103 33.483179 -0.000540 -0.002739 -0.518058 0.855341
117 1647769576.880905 443667.957623 4436685.742778 33.482500 -0.000043 -0.002257 -0.519859 0.854250
118 1647769576.980958 443667.980107 4436685.701556 33.482037 0.000320 -0.001828 -0.521799 0.853067
119 1647769577.080970 443668.003164 4436685.659106 33.481424 0.000611 -0.001146 -0.523721 0.851889
120 1647769577.180884 443668.026444 4436685.617338 33.480123 0.001037 -0.000749 -0.525740 0.850644
121 1647769577.280894 443668.049966 4436685.574155 33.478115 0.001968 -0.000362 -0.527702 0.849428
122 1647769577.380896 443668.072451 4436685.528991 33.477832 0.002689 -0.000393 -0.529835 0.848096
123 1647769577.480905 443668.098224 4436685.485245 33.475870 0.002991 0.000050 -0.531949 0.846772
124 1647769577.580868 443668.121609 4436685.439465 33.474983 0.003350 0.000525 -0.534159 0.845378
125 1647769577.680910 443668.146896 4436685.393390 33.472694 0.003575 0.000765 -0.536681 0.843777
126 1647769577.780837 443668.169912 4436685.344343 33.471250 0.004205 0.000984 -0.539338 0.842078
127 1647769577.880848 443668.196802 4436685.294495 33.467167 0.004880 0.001131 -0.541971 0.840382
128 1647769577.980823 443668.219896 4436685.243601 33.466257 0.005328 0.001229 -0.545268 0.838244
129 1647769578.080856 443668.244124 4436685.191382 33.465799 0.005119 0.001246 -0.548864 0.835895
130 1647769578.180858 443668.270184 4436685.137576 33.464516 0.005328 0.000810 -0.552661 0.833389
131 1647769578.280807 443668.297050 4436685.082195 33.462415 0.005432 0.000884 -0.556252 0.830995
132 1647769578.380816 443668.320791 4436685.025513 33.461712 0.005884 0.001217 -0.559786 0.828615
133 1647769578.480775 443668.348008 4436684.969097 33.459471 0.005293 0.001523 -0.563894 0.825829
134 1647769578.580801 443668.371617 4436684.910183 33.459027 0.005435 0.001529 -0.567675 0.823234
135 1647769578.680862 443668.395986 4436684.850420 33.459506 0.005547 0.001520 -0.571505 0.820579
136 1647769578.780768 443668.417728 4436684.793405 33.460056 0.005152 0.001352 -0.575600 0.817714
137 1647769578.880781 443668.442324 4436684.733377 33.460334 0.004622 0.001400 -0.579456 0.814989
138 1647769578.980745 443668.464758 4436684.674500 33.460521 0.003924 0.001654 -0.583410 0.812167
139 1647769579.080816 443668.486581 4436684.615174 33.460358 0.003098 0.001579 -0.587485 0.809228
140 1647769579.180722 443668.510587 4436684.551550 33.461163 0.002007 0.001689 -0.591531 0.806278
141 1647769579.280719 443668.536102 4436684.487099 33.461502 0.001072 0.002020 -0.595494 0.803355
142 1647769579.380754 443668.557339 4436684.422693 33.461651 0.000448 0.001999 -0.599616 0.800284
143 1647769579.480712 443668.580236 4436684.355578 33.461592 -0.000249 0.002182 -0.603789 0.797141
144 1647769579.580698 443668.600309 4436684.289719 33.462238 -0.001148 0.002009 -0.608342 0.793672
145 1647769579.680686 443668.623334 4436684.222048 33.462153 -0.001787 0.002178 -0.612277 0.790639
146 1647769579.782007 443668.642390 4436684.152856 33.461702 -0.002280 0.001874 -0.616434 0.787402
147 1647769579.880669 443668.662281 4436684.084345 33.460524 -0.002746 0.001948 -0.620440 0.784248
148 1647769579.980661 443668.680335 4436684.014618 33.460618 -0.003132 0.001870 -0.624470 0.781040
149 1647769580.080656 443668.697516 4436683.944197 33.460743 -0.003444 0.001816 -0.628616 0.777705
150 1647769580.180713 443668.715692 4436683.872682 33.459826 -0.004110 0.002109 -0.632276 0.774728
151 1647769580.280681 443668.731985 4436683.801179 33.458684 -0.004196 0.001634 -0.635815 0.771829
152 1647769580.380620 443668.749753 4436683.728815 33.458676 -0.004971 0.001668 -0.638595 0.769524
153 1647769580.480650 443668.767973 4436683.656249 33.457430 -0.004920 0.001725 -0.640060 0.768307
154 1647769580.581937 443668.787955 4436683.579622 33.456346 -0.004184 0.002159 -0.640640 0.767827
155 1647769580.680634 443668.809739 4436683.509070 33.455209 -0.004508 0.001896 -0.640734 0.767748
156 1647769580.780643 443668.830852 4436683.435210 33.455210 -0.004689 0.001525 -0.640690 0.767785
157 1647769580.880610 443668.855256 4436683.361836 33.453672 -0.005151 0.001514 -0.640314 0.768094
158 1647769580.980599 443668.877087 4436683.287176 33.453882 -0.005576 0.001776 -0.640195 0.768191
159 1647769581.081938 443668.900646 4436683.211119 33.453020 -0.005323 0.002329 -0.639751 0.768561
160 1647769581.181909 443668.924271 4436683.137772 33.451478 -0.005137 0.002561 -0.639293 0.768941
161 1647769581.280552 443668.947120 4436683.065295 33.449775 -0.004894 0.002954 -0.638900 0.769268
162 1647769581.380556 443668.968602 4436682.993279 33.449674 -0.005660 0.003342 -0.638747 0.769389
163 1647769581.481944 443668.992128 4436682.918491 33.449569 -0.006032 0.003688 -0.638209 0.769832
164 1647769581.581751 443669.014577 4436682.845859 33.448581 -0.006128 0.004327 -0.637842 0.770130
165 1647769581.681943 443669.037055 4436682.772888 33.447394 -0.006155 0.004778 -0.637579 0.770345
166 1647769581.781956 443669.058614 4436682.703168 33.446655 -0.006350 0.005473 -0.637254 0.770608
167 1647769581.881933 443669.080299 4436682.632864 33.445671 -0.006610 0.006209 -0.636896 0.770897
168 1647769581.980402 443669.100751 4436682.567746 33.445706 -0.006301 0.005941 -0.636383 0.771326
169 1647769582.080593 443669.119407 4436682.503808 33.445434 -0.006112 0.005654 -0.636297 0.771399
170 1647769582.181904 443669.136136 4436682.442371 33.447491 -0.006166 0.004994 -0.636247 0.771444
171 1647769582.281864 443669.152844 4436682.386244 33.449972 -0.006790 0.004668 -0.635983 0.771660
172 1647769582.381778 443669.166861 4436682.333742 33.450197 -0.006722 0.004297 -0.636272 0.771424
173 1647769582.481785 443669.181387 4436682.284206 33.449763 -0.007107 0.004255 -0.636447 0.771276
174 1647769582.581827 443669.194590 4436682.237765 33.450414 -0.007491 0.004327 -0.636565 0.771174
175 1647769582.681880 443669.207276 4436682.194524 33.449397 -0.007812 0.004353 -0.636765 0.771006
176 1647769582.781829 443669.217680 4436682.154004 33.449193 -0.007911 0.004381 -0.637139 0.770695
177 1647769582.881818 443669.227957 4436682.115205 33.448389 -0.007943 0.004140 -0.637540 0.770366
178 1647769582.981813 443669.235623 4436682.079971 33.448459 -0.007734 0.003744 -0.638178 0.769841
179 1647769583.081783 443669.243358 4436682.046985 33.447959 -0.007366 0.003650 -0.638585 0.769508
180 1647769583.180493 443669.251214 4436682.017685 33.446167 -0.007064 0.003568 -0.639109 0.769074
181 1647769583.280481 443669.257681 4436681.989394 33.444970 -0.006773 0.003474 -0.639672 0.768610
182 1647769583.380442 443669.262675 4436681.964293 33.444567 -0.006589 0.003393 -0.640216 0.768159
183 1647769583.481738 443669.268801 4436681.938246 33.443814 -0.006388 0.003397 -0.640791 0.767681
184 1647769583.581763 443669.273075 4436681.915319 33.443280 -0.006250 0.003394 -0.641364 0.767204
185 1647769583.680526 443669.278937 4436681.891094 33.442299 -0.006108 0.003432 -0.641907 0.766751
186 1647769583.780457 443669.282959 4436681.868499 33.441645 -0.006037 0.003455 -0.642523 0.766234
187 1647769583.880362 443669.289063 4436681.843357 33.440543 -0.005932 0.003543 -0.643068 0.765778
188 1647769583.981753 443669.293636 4436681.818703 33.439841 -0.005895 0.003694 -0.643691 0.765254
189 1647769584.081698 443669.298139 4436681.793838 33.439229 -0.005845 0.003877 -0.644348 0.764700
190 1647769584.181702 443669.304813 4436681.767160 33.438264 -0.005844 0.004073 -0.644973 0.764173
191 1647769584.281721 443669.311597 4436681.739857 33.437401 -0.005847 0.004255 -0.645604 0.763639
192 1647769584.381663 443669.316275 4436681.714409 33.436823 -0.005855 0.004467 -0.646217 0.763117
193 1647769584.481637 443669.323920 4436681.683436 33.437951 -0.005741 0.004640 -0.646806 0.762619
194 1647769584.581635 443669.328507 4436681.656973 33.437320 -0.005679 0.004776 -0.647479 0.762048
195 1647769584.681656 443669.335624 4436681.626402 33.438198 -0.005641 0.004901 -0.648146 0.761479
196 1647769584.781599 443669.340455 4436681.599343 33.437732 -0.005650 0.005036 -0.648782 0.760936
197 1647769584.881574 443669.347135 4436681.569338 33.438475 -0.005487 0.004927 -0.649528 0.760303
198 1647769584.980279 443669.351121 4436681.543843 33.438118 -0.005354 0.004806 -0.650210 0.759720
199 1647769585.080233 443669.354838 4436681.518250 33.437695 -0.005169 0.004666 -0.650940 0.759098
200 1647769585.181569 443669.361466 4436681.488451 33.438680 -0.005157 0.004667 -0.651625 0.758509
201 1647769585.281436 443669.368013 4436681.458808 33.439576 -0.005117 0.004631 -0.652294 0.757933
202 1647769585.381429 443669.372232 4436681.432868 33.439755 -0.005384 0.004580 -0.652977 0.757345
203 1647769585.481420 443669.379581 4436681.405087 33.441013 -0.005773 0.004530 -0.653553 0.756846
204 1647769585.581616 443669.383528 4436681.379619 33.440940 -0.005945 0.004431 -0.654198 0.756287
205 1647769585.681490 443669.391314 4436681.351410 33.441114 -0.006104 0.004425 -0.654861 0.755711
206 1647769585.781475 443669.395504 4436681.324953 33.440755 -0.006209 0.004407 -0.655479 0.755175
207 1647769585.881536 443669.403114 4436681.295021 33.440875 -0.006260 0.004454 -0.656120 0.754617
208 1647769585.981471 443669.407566 4436681.266721 33.440376 -0.006389 0.004540 -0.656792 0.754030
209 1647769586.081541 443669.412125 4436681.237005 33.439632 -0.006431 0.004632 -0.657500 0.753413
210 1647769586.181519 443669.420292 4436681.201775 33.439439 -0.006456 0.004585 -0.658261 0.752747
211 1647769586.281443 443669.429040 4436681.166540 33.439280 -0.006502 0.004511 -0.659116 0.752000
212 1647769586.381455 443669.433979 4436681.132507 33.438464 -0.006457 0.004534 -0.659989 0.751234
213 1647769586.481461 443669.443008 4436681.094169 33.437030 -0.006504 0.004655 -0.660899 0.750432
214 1647769586.581482 443669.448602 4436681.056512 33.436128 -0.006527 0.004718 -0.661849 0.749594
215 1647769586.681455 443669.458499 4436681.013627 33.434347 -0.006480 0.004836 -0.662871 0.748690
216 1647769586.781459 443669.465153 4436680.969346 33.432126 -0.006405 0.005153 -0.663912 0.747765
217 1647769586.881435 443669.477073 4436680.920247 33.431355 -0.006899 0.005343 -0.664883 0.746897
218 1647769586.981461 443669.484143 4436680.871772 33.430597 -0.006909 0.005277 -0.666018 0.745884
219 1647769587.081480 443669.491402 4436680.822322 33.430181 -0.006638 0.005276 -0.667033 0.744980
220 1647769587.181417 443669.502607 4436680.769801 33.429214 -0.006303 0.005088 -0.668030 0.744091
221 1647769587.281433 443669.513080 4436680.717727 33.428077 -0.005494 0.005002 -0.669037 0.743192
222 1647769587.381395 443669.520132 4436680.668654 33.427411 -0.004924 0.004978 -0.669698 0.742601
223 1647769587.481372 443669.530155 4436680.616628 33.429101 -0.004786 0.004766 -0.670169 0.742178
224 1647769587.581398 443669.537887 4436680.570941 33.429584 -0.004695 0.005115 -0.670517 0.741863
225 1647769587.681369 443669.549081 4436680.523756 33.430281 -0.004857 0.005501 -0.670487 0.741886
226 1647769587.781354 443669.557187 4436680.481019 33.430053 -0.004842 0.005529 -0.670467 0.741903
227 1647769587.881346 443669.568097 4436680.434761 33.430639 -0.004818 0.005662 -0.670292 0.742059
228 1647769587.981442 443669.576354 4436680.391893 33.429925 -0.004522 0.005841 -0.670211 0.742134
229 1647769588.081338 443669.584881 4436680.350963 33.429820 -0.003999 0.006061 -0.669922 0.742396
230 1647769588.181316 443669.595077 4436680.307643 33.430145 -0.003693 0.005995 -0.669666 0.742630
231 1647769588.281337 443669.605228 4436680.264626 33.430818 -0.003432 0.005782 -0.669363 0.742904
232 1647769588.381308 443669.613324 4436680.226618 33.430789 -0.003214 0.005472 -0.669016 0.743221
233 1647769588.481306 443669.624359 4436680.186198 33.430230 -0.002915 0.005213 -0.668789 0.743429
234 1647769588.581301 443669.632759 4436680.147648 33.429639 -0.002845 0.005137 -0.668478 0.743709
235 1647769588.681280 443669.643378 4436680.104176 33.429237 -0.002585 0.004892 -0.668263 0.743904
236 1647769588.781279 443669.652547 4436680.062383 33.428379 -0.002550 0.004739 -0.667939 0.744197
237 1647769588.881257 443669.664783 4436680.014258 33.427892 -0.002475 0.004647 -0.667614 0.744488
238 1647769588.981239 443669.675433 4436679.966950 33.426236 -0.002318 0.004688 -0.667226 0.744836
239 1647769589.081292 443669.686152 4436679.916987 33.424876 -0.002160 0.004666 -0.667011 0.745030
240 1647769589.181213 443669.701073 4436679.860165 33.423922 -0.001956 0.004707 -0.666485 0.745500
241 1647769589.281265 443669.716479 4436679.802221 33.423907 -0.002419 0.005053 -0.666101 0.745841
242 1647769589.381261 443669.729460 4436679.745093 33.422020 -0.001687 0.005236 -0.665504 0.746375
243 1647769589.481268 443669.743949 4436679.679380 33.422389 -0.001146 0.005094 -0.665122 0.746716
244 1647769589.581217 443669.757921 4436679.619969 33.421980 -0.001001 0.004823 -0.664562 0.747216
245 1647769589.681195 443669.773023 4436679.551706 33.423076 -0.000685 0.005012 -0.664402 0.747359
246 1647769589.781209 443669.787754 4436679.490851 33.422639 -0.000802 0.005225 -0.663922 0.747783
247 1647769589.881160 443669.803987 4436679.421837 33.424246 -0.001009 0.005033 -0.663576 0.748091
248 1647769589.981170 443669.818695 4436679.358486 33.423888 -0.000904 0.004244 -0.663089 0.748529
249 1647769590.081159 443669.834222 4436679.291831 33.422879 -0.000551 0.003940 -0.662542 0.749014
250 1647769590.181159 443669.851785 4436679.215163 33.423764 -0.000387 0.003272 -0.661967 0.749526
251 1647769590.281143 443669.869294 4436679.138090 33.425433 -0.000153 0.001682 -0.661431 0.750005
252 1647769590.381139 443669.886997 4436679.064256 33.425475 -0.001000 0.001338 -0.661208 0.750201
253 1647769590.481118 443669.906220 4436678.983127 33.428530 -0.001151 0.000419 -0.660612 0.750726
254 1647769590.581122 443669.924413 4436678.906837 33.428951 -0.001210 0.000374 -0.660322 0.750981
255 1647769590.681128 443669.944320 4436678.827668 33.427921 -0.001110 0.000123 -0.659952 0.751306
256 1647769590.781102 443669.962867 4436678.751713 33.428339 -0.001264 0.000652 -0.659741 0.751492
257 1647769590.881117 443669.980864 4436678.675663 33.426581 -0.000823 0.000497 -0.659512 0.751694
258 1647769590.981118 443669.998438 4436678.603064 33.427082 -0.001048 0.000430 -0.659300 0.751880
259 1647769591.081075 443670.014066 4436678.530775 33.426493 -0.000488 -0.000090 -0.659368 0.751821
260 1647769591.181049 443670.031947 4436678.458357 33.424773 -0.000267 -0.000184 -0.659354 0.751833
261 1647769591.281107 443670.047673 4436678.388823 33.423623 -0.000108 -0.000353 -0.659555 0.751656
262 1647769591.381044 443670.062206 4436678.323793 33.422932 0.000271 -0.000247 -0.659636 0.751584
263 1647769591.481030 443670.075636 4436678.256723 33.422829 0.000341 -0.000495 -0.660031 0.751239
264 1647769591.581085 443670.087527 4436678.197866 33.423580 0.000251 -0.001204 -0.660474 0.750849
265 1647769591.680897 443670.098580 4436678.137910 33.423053 0.000263 -0.001790 -0.661291 0.750127
266 1647769591.781032 443670.108685 4436678.082659 33.422677 0.000014 -0.002361 -0.662301 0.749234
267 1647769591.881058 443670.118862 4436678.024979 33.421755 0.000102 -0.002745 -0.663225 0.748414
268 1647769591.981014 443670.128572 4436677.971142 33.421351 0.000032 -0.002562 -0.664469 0.747311
269 1647769592.081011 443670.137669 4436677.918681 33.420999 -0.000263 -0.002943 -0.665668 0.746243
270 1647769592.181023 443670.147911 4436677.862944 33.420286 -0.000288 -0.003218 -0.666886 0.745153
271 1647769592.281001 443670.157231 4436677.809478 33.420423 -0.000638 -0.003507 -0.668316 0.743869
272 1647769592.380960 443670.165172 4436677.759004 33.420005 -0.000569 -0.003389 -0.669470 0.742832
273 1647769592.480958 443670.173907 4436677.707635 33.419473 -0.000669 -0.003422 -0.670868 0.741568
274 1647769592.580945 443670.180899 4436677.658479 33.418873 -0.000576 -0.003518 -0.672059 0.740489
275 1647769592.680948 443670.187638 4436677.605717 33.419086 -0.000278 -0.003614 -0.673393 0.739277
276 1647769592.780957 443670.194212 4436677.557524 33.418761 -0.000029 -0.003543 -0.674593 0.738182
277 1647769592.880945 443670.201305 4436677.506810 33.419077 0.000165 -0.003681 -0.675708 0.737159
278 1647769592.980914 443670.207532 4436677.459070 33.418925 0.000063 -0.003742 -0.676862 0.736100
279 1647769593.080931 443670.214003 4436677.411129 33.419234 -0.000193 -0.003751 -0.677915 0.735131
280 1647769593.180948 443670.220718 4436677.358679 33.419248 0.000293 -0.003675 -0.678942 0.734183
281 1647769593.280893 443670.227698 4436677.305437 33.419910 0.000289 -0.003438 -0.679995 0.733209
282 1647769593.380890 443670.232433 4436677.255541 33.420048 0.000678 -0.003940 -0.681178 0.732106
283 1647769593.480863 443670.239144 4436677.202254 33.420749 0.000931 -0.003942 -0.682092 0.731256
284 1647769593.580867 443670.243946 4436677.152139 33.420927 0.001370 -0.003708 -0.683323 0.730106
285 1647769593.680845 443670.250081 4436677.098978 33.421758 0.001425 -0.003673 -0.684208 0.729276
286 1647769593.780877 443670.254770 4436677.048542 33.421884 0.001703 -0.003882 -0.685334 0.728216
287 1647769593.880842 443670.260807 4436676.993611 33.423764 0.001408 -0.003675 -0.686264 0.727342
288 1647769593.980854 443670.266167 4436676.941033 33.423526 0.001333 -0.003498 -0.687416 0.726253
289 1647769594.080816 443670.271310 4436676.887057 33.423583 0.001373 -0.003547 -0.688473 0.725252
290 1647769594.180790 443670.276767 4436676.829703 33.425182 0.001178 -0.003654 -0.689643 0.724138
291 1647769594.280768 443670.282670 4436676.771751 33.426528 0.001295 -0.003622 -0.690493 0.723328
292 1647769594.380779 443670.287427 4436676.715955 33.426439 0.001391 -0.003412 -0.691769 0.722110
293 1647769594.480794 443670.293981 4436676.656679 33.426541 0.001672 -0.003561 -0.693011 0.720917
294 1647769594.580774 443670.299480 4436676.599231 33.427422 0.001107 -0.003505 -0.694098 0.719872
295 1647769594.680790 443670.306388 4436676.538244 33.427786 0.000954 -0.003479 -0.695399 0.718614
296 1647769594.780744 443670.310810 4436676.479275 33.428701 0.000828 -0.003709 -0.696537 0.717511
297 1647769594.880790 443670.317608 4436676.416372 33.429180 0.001068 -0.003610 -0.697729 0.716351
298 1647769594.980747 443670.322160 4436676.356284 33.429610 0.000939 -0.003586 -0.698866 0.715244
299 1647769595.080718 443670.326202 4436676.294398 33.429391 0.001133 -0.003261 -0.700108 0.714029
300 1647769595.180642 443670.333142 4436676.227946 33.428626 0.001115 -0.003027 -0.701472 0.712691
301 1647769595.280628 443670.340056 4436676.159386 33.427721 0.001363 -0.002900 -0.702606 0.711571
302 1647769595.380732 443670.343751 4436676.091830 33.427500 0.001510 -0.002965 -0.703961 0.710231
303 1647769595.480715 443670.348859 4436676.019507 33.428007 0.001829 -0.003120 -0.705184 0.709015
304 1647769595.580667 443670.352264 4436675.947972 33.426816 0.002106 -0.003235 -0.706584 0.707618
305 1647769595.680681 443670.359204 4436675.872391 33.428601 0.001841 -0.003166 -0.708031 0.706171
306 1647769595.780667 443670.362257 4436675.797848 33.428882 0.001794 -0.003451 -0.709347 0.704848
307 1647769595.880640 443670.368674 4436675.720816 33.430480 0.001343 -0.003475 -0.710557 0.703631
308 1647769595.980635 443670.370782 4436675.643719 33.429820 0.001567 -0.003796 -0.711929 0.702240
309 1647769596.080637 443670.374665 4436675.563606 33.429598 0.001379 -0.003705 -0.712944 0.701210
310 1647769596.180688 443670.381469 4436675.478020 33.430297 0.001588 -0.003557 -0.713658 0.700485
311 1647769596.280607 443670.388640 4436675.390188 33.431422 0.001967 -0.003791 -0.713670 0.700471
312 1647769596.380618 443670.396365 4436675.304948 33.432308 0.001647 -0.003687 -0.713383 0.700762
313 1647769596.480683 443670.403421 4436675.211885 33.433245 0.002396 -0.003567 -0.712919 0.701233
314 1647769596.580604 443670.412164 4436675.121898 33.433110 0.002029 -0.003204 -0.712505 0.701656
315 1647769596.680642 443670.418828 4436675.024601 33.436174 0.002471 -0.003177 -0.712197 0.701969
316 1647769596.780577 443670.428138 4436674.930986 33.436552 0.002355 -0.003283 -0.711653 0.702520
317 1647769596.880583 443670.435934 4436674.830434 33.439808 0.002768 -0.003096 -0.711182 0.702996
318 1647769596.980622 443670.445317 4436674.734021 33.440334 0.002682 -0.003529 -0.710660 0.703521
319 1647769597.080555 443670.455902 4436674.633993 33.439908 0.002765 -0.002322 -0.710134 0.704057
320 1647769597.180564 443670.464036 4436674.530934 33.442429 0.002687 -0.002023 -0.709523 0.704676
321 1647769597.280556 443670.473006 4436674.425875 33.445377 0.002867 -0.001419 -0.709061 0.705139
322 1647769597.380569 443670.484029 4436674.321561 33.444443 0.002519 -0.001505 -0.708553 0.705651
323 1647769597.480553 443670.491442 4436674.214159 33.445837 0.002885 -0.002248 -0.708172 0.706030
324 1647769597.580554 443670.503949 4436674.106115 33.446406 0.002468 -0.002288 -0.707419 0.706786
325 1647769597.680544 443670.510415 4436673.991914 33.446455 0.002869 -0.002700 -0.707009 0.707193
326 1647769597.780536 443670.522882 4436673.879761 33.448903 0.002799 -0.003153 -0.706433 0.707767
327 1647769597.880528 443670.531570 4436673.766169 33.450612 0.002969 -0.003654 -0.705998 0.708199
328 1647769597.980507 443670.544530 4436673.652162 33.450448 0.003001 -0.003621 -0.705369 0.708824
329 1647769598.080491 443670.558347 4436673.536101 33.450044 0.002859 -0.003525 -0.704637 0.709553
330 1647769598.180498 443670.570212 4436673.415353 33.450884 0.002909 -0.002681 -0.704025 0.710164
331 1647769598.280551 443670.584546 4436673.297796 33.451790 0.002758 -0.003105 -0.703299 0.710882
332 1647769598.380512 443670.597625 4436673.180467 33.452882 0.002534 -0.003645 -0.702938 0.711236
333 1647769598.480489 443670.612924 4436673.061135 33.452588 0.003093 -0.003472 -0.702114 0.712050
334 1647769598.580502 443670.627605 4436672.940632 33.450940 0.003373 -0.003304 -0.701583 0.712572
335 1647769598.680514 443670.641392 4436672.822159 33.452185 0.004500 -0.004301 -0.701098 0.713038
336 1647769598.780513 443670.657893 4436672.706147 33.453545 0.002871 -0.004585 -0.700338 0.713790
337 1647769598.880466 443670.674056 4436672.588323 33.454695 0.002687 -0.004857 -0.699978 0.714143
338 1647769598.980507 443670.689960 4436672.469742 33.454949 0.002443 -0.005098 -0.699216 0.714889
339 1647769599.080484 443670.705241 4436672.350229 33.453942 0.003515 -0.005099 -0.698354 0.715725
340 1647769599.180445 443670.723135 4436672.235172 33.454244 0.003417 -0.005227 -0.697972 0.716097
341 1647769599.280404 443670.740170 4436672.118492 33.452112 0.003892 -0.005428 -0.697176 0.716869
342 1647769599.380398 443670.756588 4436672.000020 33.452143 0.004358 -0.005365 -0.696535 0.717491
343 1647769599.480466 443670.770954 4436671.877139 33.453261 0.006061 -0.005855 -0.695711 0.718272
344 1647769599.580404 443670.787775 4436671.760906 33.453639 0.006246 -0.005955 -0.695013 0.718946
345 1647769599.680370 443670.803471 4436671.643448 33.454401 0.006049 -0.005868 -0.694690 0.719259
346 1647769599.780377 443670.821253 4436671.529845 33.454864 0.005591 -0.006391 -0.693879 0.720043
347 1647769599.880372 443670.837703 4436671.413558 33.456745 0.005256 -0.006289 -0.693307 0.720596
348 1647769599.980374 443670.852835 4436671.301130 33.456265 0.006777 -0.006756 -0.692746 0.721119
349 1647769600.080362 443670.869625 4436671.193304 33.456944 0.005731 -0.005974 -0.692479 0.721392
350 1647769600.180335 443670.884941 4436671.086109 33.457094 0.005022 -0.006287 -0.692354 0.721514
351 1647769600.280341 443670.897471 4436670.977874 33.457861 0.006043 -0.006022 -0.692396 0.721467
352 1647769600.380378 443670.909485 4436670.872222 33.454845 0.007557 -0.005402 -0.693089 0.720792
353 1647769600.480301 443670.918572 4436670.770502 33.454723 0.007911 -0.004388 -0.693767 0.720143
354 1647769600.581662 443670.930570 4436670.672188 33.456750 0.007055 -0.004147 -0.694786 0.719171
355 1647769600.681683 443670.938042 4436670.575751 33.459797 0.005943 -0.003077 -0.695722 0.718281
356 1647769600.781703 443670.947210 4436670.483973 33.460814 0.005860 -0.003326 -0.697004 0.717035
357 1647769600.880280 443670.951191 4436670.394700 33.461939 0.006695 -0.003704 -0.698419 0.715648
358 1647769600.980314 443670.959052 4436670.305427 33.461292 0.007190 -0.003798 -0.699472 0.714613
359 1647769601.080259 443670.966421 4436670.217808 33.459369 0.007369 -0.003471 -0.700749 0.713362
360 1647769601.180254 443670.971682 4436670.134656 33.461052 0.007847 -0.003814 -0.701793 0.712327
361 1647769601.280308 443670.974487 4436670.052910 33.461904 0.008710 -0.004535 -0.702825 0.711294
362 1647769601.380280 443670.980533 4436669.970708 33.461324 0.009136 -0.004526 -0.703768 0.710358
363 1647769601.480237 443670.984768 4436669.892662 33.464241 0.008480 -0.004553 -0.704249 0.709887
364 1647769601.580229 443670.989388 4436669.815802 33.462855 0.008964 -0.004953 -0.705013 0.709120
365 1647769601.680197 443670.995227 4436669.736971 33.463392 0.008791 -0.004229 -0.705376 0.708766
366 1647769601.780297 443671.001764 4436669.657806 33.462092 0.008794 -0.003590 -0.705768 0.708378
367 1647769601.880239 443671.006585 4436669.576832 33.462266 0.008564 -0.002963 -0.706069 0.708085
368 1647769601.980194 443671.011989 4436669.497276 33.461155 0.009347 -0.003267 -0.706499 0.707645
369 1647769602.080211 443671.016422 4436669.420921 33.462041 0.009675 -0.004152 -0.707093 0.707043
370 1647769602.180161 443671.023194 4436669.343787 33.461972 0.009652 -0.003982 -0.707216 0.706919
371 1647769602.280156 443671.029928 4436669.267840 33.462728 0.009072 -0.003545 -0.707440 0.706707
372 1647769602.380169 443671.036913 4436669.190859 33.461573 0.009187 -0.003161 -0.707480 0.706667
373 1647769602.480157 443671.043233 4436669.113920 33.460906 0.009045 -0.002702 -0.707817 0.706333
374 1647769602.580164 443671.050349 4436669.035966 33.460016 0.008904 -0.002929 -0.707863 0.706288
375 1647769602.681513 443671.054166 4436668.957556 33.460988 0.008733 -0.004049 -0.708195 0.705952
376 1647769602.781489 443671.061062 4436668.878837 33.460667 0.008592 -0.004310 -0.708237 0.705910
377 1647769602.881525 443671.066623 4436668.799821 33.461223 0.008368 -0.002879 -0.708761 0.705394
378 1647769602.981471 443671.074397 4436668.719478 33.461216 0.007450 -0.001518 -0.708941 0.705227
379 1647769603.081475 443671.081442 4436668.637491 33.460329 0.007426 0.000235 -0.709166 0.705001
380 1647769603.180089 443671.088028 4436668.556438 33.458605 0.008117 0.000110 -0.709174 0.704986
381 1647769603.280070 443671.093844 4436668.473324 33.457816 0.008334 -0.000349 -0.709454 0.704701
382 1647769603.380061 443671.100457 4436668.387539 33.457268 0.008332 -0.000148 -0.709674 0.704482
383 1647769603.481442 443671.110518 4436668.302779 33.455083 0.008151 -0.000413 -0.709528 0.704631
384 1647769603.581398 443671.115896 4436668.217354 33.454343 0.008849 -0.001262 -0.709813 0.704334
385 1647769603.681439 443671.125834 4436668.130630 33.452701 0.008978 -0.001198 -0.709727 0.704418
386 1647769603.781491 443671.133128 4436668.041633 33.452397 0.008857 -0.000123 -0.709955 0.704191
387 1647769603.881398 443671.142208 4436667.956526 33.451464 0.008648 -0.000347 -0.710036 0.704113
388 1647769603.981371 443671.150059 4436667.865955 33.451043 0.007526 0.000183 -0.710147 0.704014
389 1647769604.081371 443671.161143 4436667.787968 33.464789 0.002355 -0.002021 -0.709671 0.704527
390 1647769604.181343 443671.166954 4436667.704914 33.462520 0.002533 -0.003106 -0.710071 0.704119
391 1647769604.281348 443671.176063 4436667.621082 33.461498 0.003350 -0.004109 -0.709452 0.704735
392 1647769604.381332 443671.180479 4436667.539940 33.463176 0.004169 -0.005769 -0.709679 0.704491
393 1647769604.481349 443671.186347 4436667.452867 33.462004 0.004777 -0.005299 -0.709508 0.704661
394 1647769604.580038 443671.193535 4436667.370322 33.461840 0.004327 -0.005038 -0.709582 0.704593
395 1647769604.681322 443671.200954 4436667.283053 33.460278 0.004082 -0.004669 -0.709252 0.704928
396 1647769604.781372 443671.209262 4436667.196814 33.458506 0.004173 -0.004844 -0.708902 0.705279
397 1647769604.881311 443671.216881 4436667.105430 33.455840 0.005543 -0.004377 -0.708392 0.705784
398 1647769604.981334 443671.225360 4436667.016750 33.453684 0.006243 -0.004393 -0.708041 0.706130
399 1647769605.081294 443671.234543 4436666.927528 33.452170 0.006397 -0.004294 -0.707639 0.706532
400 1647769605.181282 443671.244285 4436666.834046 33.450620 0.006143 -0.003462 -0.707224 0.706955
401 1647769605.281132 443671.253548 4436666.739971 33.448824 0.005596 -0.003228 -0.706646 0.707537
402 1647769605.381113 443671.263315 4436666.644620 33.445540 0.006355 -0.003041 -0.706216 0.707962
403 1647769605.481095 443671.273664 4436666.546071 33.442164 0.007107 -0.001990 -0.705544 0.708626
404 1647769605.581323 443671.283520 4436666.451052 33.439853 0.007483 -0.001832 -0.705302 0.708866
405 1647769605.681308 443671.293034 4436666.354870 33.438217 0.008231 -0.001341 -0.704604 0.709552
406 1647769605.781325 443671.304451 4436666.259870 33.435513 0.008190 -0.000186 -0.704197 0.709958
407 1647769605.881325 443671.314701 4436666.167778 33.435521 0.007637 -0.000081 -0.703652 0.710505
408 1647769605.981364 443671.324793 4436666.074503 33.433690 0.008639 -0.000628 -0.703247 0.710892
409 1647769606.081272 443671.336348 4436665.982872 33.432682 0.007984 0.000751 -0.703612 0.710540
410 1647769606.181315 443671.349418 4436665.891778 33.434619 0.009198 0.003723 -0.702384 0.711728
411 1647769606.281270 443671.354587 4436665.807230 33.433634 0.010729 0.003347 -0.702071 0.712019
412 1647769606.381225 443671.366751 4436665.723234 33.431974 0.011192 0.004381 -0.701245 0.712819
413 1647769606.481151 443671.372922 4436665.636444 33.430356 0.013223 0.004699 -0.700810 0.713209
414 1647769606.581158 443671.382995 4436665.555778 33.426820 0.013881 0.004757 -0.700359 0.713640
415 1647769606.681088 443671.391731 4436665.470588 33.425887 0.014123 0.005344 -0.699807 0.714173
416 1647769606.781109 443671.402863 4436665.388647 33.422821 0.014139 0.005703 -0.699351 0.714617
417 1647769606.881105 443671.412141 4436665.302196 33.421293 0.014326 0.006098 -0.698647 0.715297
418 1647769606.981096 443671.422695 4436665.219388 33.418454 0.014150 0.005929 -0.698399 0.715545
419 1647769607.081055 443671.434333 4436665.135176 33.415228 0.014352 0.005903 -0.697872 0.716056
420 1647769607.181078 443671.442758 4436665.046566 33.412779 0.015318 0.005827 -0.697450 0.716445
421 1647769607.281048 443671.454853 4436664.958829 33.413182 0.014371 0.006185 -0.696831 0.717066
422 1647769607.381131 443671.465995 4436664.872905 33.410014 0.014966 0.005198 -0.696377 0.717501
423 1647769607.481045 443671.476173 4436664.785296 33.410311 0.014543 0.004136 -0.695925 0.717957
424 1647769607.581037 443671.487979 4436664.701991 33.412089 0.013313 0.002471 -0.695464 0.718434
425 1647769607.681067 443671.497815 4436664.614872 33.412158 0.013130 0.000821 -0.695067 0.718824
426 1647769607.782042 443671.510173 4436664.527029 33.410312 0.013520 0.000046 -0.694489 0.719377
427 1647769607.881041 443671.522139 4436664.439242 33.409904 0.012827 -0.000452 -0.694024 0.719837
428 1647769607.980997 443671.535361 4436664.351620 33.408054 0.012655 -0.000630 -0.693523 0.720322
429 1647769608.081010 443671.549836 4436664.261847 33.405772 0.012911 -0.000215 -0.692681 0.721129
430 1647769608.180988 443671.562225 4436664.165262 33.401623 0.014296 0.000211 -0.691558 0.722181
431 1647769608.280990 443671.577623 4436664.068234 33.398272 0.014597 0.001366 -0.690365 0.723313
432 1647769608.380987 443671.594626 4436663.973577 33.395146 0.014592 0.002541 -0.689262 0.724360
433 1647769608.480958 443671.611861 4436663.873350 33.391860 0.014899 0.003270 -0.687274 0.726238
434 1647769608.580965 443671.628828 4436663.775973 33.388006 0.015616 0.002892 -0.685183 0.728197
435 1647769608.680993 443671.645628 4436663.675684 33.386534 0.015466 0.002054 -0.682467 0.730749
436 1647769608.780936 443671.668212 4436663.577245 33.384061 0.015131 0.002121 -0.679103 0.733885
437 1647769608.880920 443671.691294 4436663.473816 33.384035 0.013962 0.002118 -0.675088 0.737602
438 1647769608.980949 443671.717886 4436663.375244 33.384624 0.012244 0.001657 -0.670698 0.741627
439 1647769609.080967 443671.745034 4436663.275979 33.384295 0.011866 0.000517 -0.665617 0.746198
440 1647769609.180983 443671.770923 4436663.171240 33.382553 0.011848 -0.000360 -0.660341 0.750872
441 1647769609.280918 443671.798972 4436663.066502 33.384202 0.011304 -0.000826 -0.655314 0.755271
442 1647769609.380913 443671.831813 4436662.965530 33.383764 0.010787 -0.001418 -0.649869 0.759969
443 1647769609.480898 443671.861020 4436662.861540 33.384188 0.011264 -0.000481 -0.645070 0.764040
444 1647769609.580873 443671.894026 4436662.764369 33.381865 0.011533 -0.000556 -0.640528 0.767849
445 1647769609.680840 443671.920728 4436662.663362 33.381535 0.013262 -0.001364 -0.636076 0.771511
446 1647769609.780843 443671.954178 4436662.568468 33.381560 0.013753 -0.001653 -0.632031 0.774819
447 1647769609.880867 443671.983855 4436662.470494 33.381254 0.013824 -0.002605 -0.628083 0.778018
448 1647769609.980856 443672.017466 4436662.378506 33.380879 0.014184 -0.003754 -0.624248 0.781089
449 1647769610.080835 443672.053605 4436662.285199 33.378650 0.014249 -0.004192 -0.620800 0.783828
450 1647769610.180842 443672.087708 4436662.185589 33.377342 0.013464 -0.004358 -0.617838 0.786179
451 1647769610.280798 443672.123734 4436662.087166 33.377679 0.011898 -0.005154 -0.615231 0.788240
452 1647769610.380782 443672.163002 4436661.990843 33.377147 0.010606 -0.005768 -0.613206 0.789831
453 1647769610.480819 443672.201377 4436661.889347 33.377716 0.008582 -0.005391 -0.611877 0.790888
454 1647769610.580793 443672.241932 4436661.788399 33.376245 0.008552 -0.005477 -0.610052 0.792297
455 1647769610.680812 443672.279520 4436661.681383 33.376300 0.008491 -0.005187 -0.608804 0.793259
456 1647769610.780826 443672.322539 4436661.580330 33.377629 0.007086 -0.004891 -0.607480 0.794288
457 1647769610.880784 443672.360985 4436661.473138 33.378326 0.007346 -0.005286 -0.605948 0.795453
458 1647769610.980762 443672.402836 4436661.371102 33.376819 0.008045 -0.005599 -0.604563 0.796498
459 1647769611.080750 443672.446056 4436661.268042 33.375234 0.008466 -0.005120 -0.603120 0.797589
460 1647769611.180743 443672.488288 4436661.160931 33.376661 0.007904 -0.004186 -0.601304 0.798970
461 1647769611.280720 443672.526390 4436661.053669 33.375416 0.008969 -0.004527 -0.599563 0.800263
462 1647769611.380723 443672.575059 4436660.950393 33.374742 0.008067 -0.003100 -0.597319 0.801958
463 1647769611.480700 443672.617075 4436660.840207 33.373190 0.008965 -0.003086 -0.594433 0.804089
464 1647769611.580748 443672.666449 4436660.735788 33.372691 0.008687 -0.002386 -0.591702 0.806106
465 1647769611.680710 443672.713182 4436660.625360 33.372806 0.008802 -0.001872 -0.588049 0.808775
466 1647769611.780686 443672.761240 4436660.525435 33.375067 0.008324 -0.002929 -0.584922 0.811041
467 1647769611.880713 443672.806767 4436660.421844 33.376412 0.007449 -0.003147 -0.582007 0.813144
468 1647769611.980808 443672.857773 4436660.325389 33.380146 0.005789 -0.003067 -0.579238 0.815131
469 1647769612.080651 443672.910641 4436660.229797 33.381270 0.003914 -0.002032 -0.576272 0.817246
470 1647769612.180637 443672.954299 4436660.132440 33.383952 0.003291 -0.002544 -0.573846 0.818952
471 1647769612.280645 443672.998041 4436660.036943 33.383564 0.003391 -0.003242 -0.571436 0.820633
472 1647769612.380637 443673.043852 4436659.944225 33.382191 0.004794 -0.004088 -0.569313 0.822097
473 1647769612.480660 443673.087668 4436659.850091 33.381125 0.005755 -0.003803 -0.567228 0.823531
474 1647769612.580620 443673.135778 4436659.758829 33.375974 0.007548 -0.002869 -0.564701 0.825255
475 1647769612.680625 443673.176013 4436659.664412 33.370057 0.009276 -0.002653 -0.562077 0.827029
476 1647769612.780673 443673.227713 4436659.578728 33.371928 0.007663 -0.002327 -0.559389 0.828866
477 1647769612.880606 443673.269911 4436659.491398 33.372129 0.006958 -0.002145 -0.557159 0.830374
478 1647769612.980628 443673.315654 4436659.413999 33.376084 0.005348 -0.003281 -0.555254 0.831657
479 1647769613.080585 443673.361279 4436659.335555 33.375818 0.005103 -0.003363 -0.553286 0.832969
480 1647769613.180563 443673.399263 4436659.257908 33.376466 0.004741 -0.003789 -0.551407 0.834215
481 1647769613.280574 443673.436006 4436659.183631 33.376700 0.004222 -0.005024 -0.550136 0.835050
482 1647769613.380571 443673.478247 4436659.111943 33.376923 0.004253 -0.005484 -0.547981 0.836463
483 1647769613.480587 443673.514519 4436659.038757 33.375338 0.005282 -0.005907 -0.546250 0.837585
484 1647769613.580535 443673.555305 4436658.969495 33.374162 0.005908 -0.006171 -0.544569 0.838672
485 1647769613.680550 443673.594604 4436658.901059 33.374178 0.004897 -0.006033 -0.542763 0.839851
486 1647769613.780520 443673.634936 4436658.837942 33.375314 0.004643 -0.005893 -0.540591 0.841252
487 1647769613.880533 443673.672997 4436658.773321 33.372022 0.005113 -0.005264 -0.538222 0.842771
488 1647769613.980527 443673.713228 4436658.712581 33.371191 0.005286 -0.004010 -0.535664 0.844404
489 1647769614.080518 443673.751571 4436658.652571 33.368075 0.006354 -0.002769 -0.533653 0.845676
490 1647769614.180533 443673.788112 4436658.590903 33.363597 0.007270 -0.001392 -0.531617 0.846952
491 1647769614.280527 443673.824833 4436658.531267 33.361046 0.007021 -0.001278 -0.529797 0.848095
492 1647769614.380502 443673.863609 4436658.473287 33.359328 0.007466 -0.001274 -0.527809 0.849330
493 1647769614.480484 443673.898380 4436658.413280 33.356477 0.008772 -0.001806 -0.525668 0.850643
494 1647769614.580470 443673.936548 4436658.356371 33.355342 0.009232 -0.002332 -0.524089 0.851610
495 1647769614.680469 443673.973178 4436658.295858 33.354767 0.010061 -0.003052 -0.522029 0.852864
496 1647769614.780467 443674.010662 4436658.240836 33.355831 0.010440 -0.003674 -0.520324 0.853898
497 1647769614.880474 443674.043868 4436658.185841 33.355623 0.010925 -0.004746 -0.518739 0.854849
498 1647769614.980478 443674.078774 4436658.136408 33.356758 0.010739 -0.005707 -0.517080 0.855850
499 1647769615.080595 443674.112556 4436658.088984 33.357999 0.010234 -0.006837 -0.515868 0.856580
500 1647769615.180434 443674.145493 4436658.039465 33.358401 0.008965 -0.006552 -0.515157 0.857025
501 1647769615.280431 443674.177603 4436657.991866 33.358928 0.007926 -0.006205 -0.514246 0.857583
502 1647769615.380391 443674.209880 4436657.949179 33.359181 0.006573 -0.005024 -0.513541 0.858025
503 1647769615.480357 443674.241450 4436657.905031 33.358278 0.005414 -0.004000 -0.512704 0.858540
504 1647769615.580370 443674.272006 4436657.864871 33.358725 0.004614 -0.003213 -0.511818 0.859076
505 1647769615.680384 443674.298351 4436657.825185 33.359498 0.003939 -0.002798 -0.510915 0.859618
506 1647769615.780389 443674.325721 4436657.788366 33.359467 0.003937 -0.002456 -0.510007 0.860158
507 1647769615.880372 443674.349486 4436657.753050 33.359367 0.003743 -0.002149 -0.508966 0.860776
508 1647769615.980327 443674.373665 4436657.721126 33.359309 0.003612 -0.001896 -0.507981 0.861359
509 1647769616.080374 443674.397372 4436657.690348 33.358539 0.003607 -0.001676 -0.506976 0.861951
510 1647769616.180341 443674.418488 4436657.657765 33.357612 0.003732 -0.001356 -0.505819 0.862631
511 1647769616.280312 443674.440206 4436657.625852 33.355871 0.004086 -0.000970 -0.504526 0.863386
512 1647769616.380367 443674.463486 4436657.595124 33.354255 0.004765 -0.000492 -0.503139 0.864192
513 1647769616.480286 443674.484211 4436657.563131 33.352812 0.005730 0.000077 -0.501660 0.865046
514 1647769616.580276 443674.506781 4436657.534374 33.350791 0.006305 0.000577 -0.500070 0.865963
515 1647769616.680277 443674.528162 4436657.501637 33.349184 0.007210 0.000738 -0.498201 0.867031
516 1647769616.780260 443674.551918 4436657.470521 33.347100 0.008212 0.000477 -0.496054 0.868252
517 1647769616.880250 443674.574218 4436657.437315 33.346594 0.008983 0.000205 -0.494014 0.869407
518 1647769616.980308 443674.597821 4436657.407242 33.345502 0.009872 0.000029 -0.491949 0.870569
519 1647769617.080270 443674.620663 4436657.378724 33.344304 0.010750 -0.000198 -0.489777 0.871781
520 1647769617.180237 443674.641633 4436657.347583 33.344751 0.011452 -0.000103 -0.487863 0.872845
521 1647769617.280247 443674.662868 4436657.318836 33.344863 0.011829 0.000040 -0.485809 0.873984
522 1647769617.380220 443674.684139 4436657.294250 33.344203 0.012177 0.000068 -0.483841 0.875072
523 1647769617.480218 443674.703440 4436657.268685 33.344614 0.012438 -0.000118 -0.481866 0.876156
524 1647769617.580227 443674.724509 4436657.244757 33.343917 0.012836 -0.000310 -0.479863 0.877250
525 1647769617.680195 443674.744515 4436657.217232 33.343694 0.013154 -0.000434 -0.477981 0.878271
526 1647769617.780230 443674.765934 4436657.193576 33.342993 0.013340 -0.000615 -0.476090 0.879295
527 1647769617.880170 443674.786466 4436657.166292 33.342515 0.013642 -0.000936 -0.474188 0.880318
528 1647769617.980164 443674.809859 4436657.140036 33.341045 0.014057 -0.001665 -0.471969 0.881502
529 1647769618.080197 443674.835951 4436657.111524 33.339651 0.014453 -0.002395 -0.469753 0.882676
530 1647769618.181515 443674.863719 4436657.077962 33.339232 0.014477 -0.002934 -0.467150 0.884055
531 1647769618.281533 443674.894505 4436657.042217 33.338574 0.014393 -0.003246 -0.464194 0.885611
532 1647769618.381495 443674.927838 4436657.008316 33.337458 0.014430 -0.003601 -0.460927 0.887314
533 1647769618.480131 443674.961358 4436656.969647 33.337239 0.014661 -0.003718 -0.457564 0.889049
534 1647769618.580116 443674.998519 4436656.932514 33.336062 0.015070 -0.004103 -0.453892 0.890920
535 1647769618.680168 443675.035706 4436656.890305 33.335538 0.015716 -0.004518 -0.450016 0.892870
536 1647769618.780099 443675.075409 4436656.853490 33.336893 0.015273 -0.004502 -0.446436 0.894674
537 1647769618.881425 443675.112914 4436656.813685 33.338341 0.014832 -0.004132 -0.443171 0.896305
538 1647769618.980109 443675.150071 4436656.780390 33.339684 0.014284 -0.003805 -0.440123 0.897815
539 1647769619.080074 443675.186297 4436656.749035 33.341168 0.013610 -0.003447 -0.437172 0.899268
540 1647769619.180073 443675.218304 4436656.718734 33.344315 0.012587 -0.003057 -0.434348 0.900652
541 1647769619.280071 443675.249089 4436656.687781 33.345519 0.012119 -0.002581 -0.431976 0.901800
542 1647769619.380049 443675.279345 4436656.662171 33.346413 0.011779 -0.002225 -0.429440 0.903015
543 1647769619.480042 443675.307430 4436656.634878 33.347039 0.011610 -0.002031 -0.427122 0.904117
544 1647769619.581382 443675.336795 4436656.610145 33.347323 0.011396 -0.001860 -0.424756 0.905234
545 1647769619.680053 443675.365372 4436656.582162 33.347549 0.011277 -0.001672 -0.422499 0.906292
546 1647769619.779910 443675.395723 4436656.557307 33.347842 0.011025 -0.001515 -0.420090 0.907414
547 1647769619.880075 443675.426413 4436656.527505 33.348325 0.010920 -0.001394 -0.417508 0.908606
548 1647769619.980055 443675.459157 4436656.500814 33.348312 0.010787 -0.001334 -0.414931 0.909788
549 1647769620.080082 443675.493915 4436656.473090 33.348261 0.010549 -0.001088 -0.412178 0.911041
550 1647769620.181395 443675.529466 4436656.441819 33.348658 0.010282 -0.000805 -0.409302 0.912340
551 1647769620.280055 443675.567414 4436656.407743 33.348875 0.009830 -0.000442 -0.406656 0.913529
552 1647769620.379956 443675.608348 4436656.377268 33.349037 0.008861 -0.000328 -0.403770 0.914817
553 1647769620.479960 443675.652741 4436656.339178 33.348589 0.008371 -0.000405 -0.400742 0.916153
554 1647769620.579949 443675.702529 4436656.300408 33.346946 0.008263 -0.000626 -0.397206 0.917692
555 1647769620.679939 443675.756801 4436656.254805 33.345030 0.008370 -0.000912 -0.393580 0.919252
556 1647769620.779924 443675.816090 4436656.210134 33.343822 0.008153 -0.001470 -0.389478 0.920998
557 1647769620.879920 443675.879899 4436656.160202 33.342859 0.007506 -0.002286 -0.385327 0.922746
558 1647769620.979966 443675.946467 4436656.111067 33.342766 0.006860 -0.002620 -0.381509 0.924336
559 1647769621.079924 443676.016947 4436656.059747 33.341434 0.006226 -0.003074 -0.377570 0.925955
560 1647769621.179926 443676.093184 4436656.002817 33.341221 0.005142 -0.003344 -0.373719 0.927522
561 1647769621.279881 443676.170228 4436655.944180 33.340579 0.005394 -0.003253 -0.369583 0.929177
562 1647769621.379881 443676.244809 4436655.890282 33.339523 0.005921 -0.003092 -0.365719 0.930701
563 1647769621.479872 443676.318625 4436655.836034 33.338568 0.005813 -0.002886 -0.361979 0.932164
564 1647769621.579876 443676.390554 4436655.786019 33.337723 0.006207 -0.003145 -0.358292 0.933583
565 1647769621.679855 443676.459689 4436655.735149 33.337166 0.006676 -0.003954 -0.354784 0.934917
566 1647769621.779870 443676.529763 4436655.688957 33.337370 0.006514 -0.003924 -0.351546 0.936140
567 1647769621.879857 443676.597294 4436655.642566 33.338095 0.006102 -0.003587 -0.348384 0.937325
568 1647769621.979829 443676.665137 4436655.600572 33.338264 0.005552 -0.002782 -0.345499 0.938399
569 1647769622.079839 443676.730407 4436655.559848 33.338733 0.005496 -0.002015 -0.342492 0.939503
570 1647769622.179815 443676.790221 4436655.519032 33.339681 0.005420 -0.001813 -0.339424 0.940616
571 1647769622.279803 443676.849133 4436655.479234 33.338666 0.005733 -0.001443 -0.336630 0.941619
572 1647769622.379818 443676.907774 4436655.444036 33.338455 0.005888 -0.001121 -0.333838 0.942612
573 1647769622.479825 443676.962109 4436655.407875 33.338038 0.006254 -0.000918 -0.331064 0.943587
574 1647769622.579786 443677.017402 4436655.376060 33.338091 0.006349 -0.000751 -0.328227 0.944578
575 1647769622.679772 443677.069415 4436655.341073 33.337428 0.006712 -0.000677 -0.325274 0.945596
576 1647769622.779846 443677.123474 4436655.310550 33.336960 0.006869 -0.000608 -0.322334 0.946601
577 1647769622.879784 443677.174907 4436655.278958 33.336258 0.007171 -0.001018 -0.319293 0.947628
578 1647769622.979769 443677.229808 4436655.248692 33.336195 0.007415 -0.001645 -0.316133 0.948684
579 1647769623.081075 443677.287379 4436655.217530 33.336610 0.007612 -0.002273 -0.312700 0.949819
580 1647769623.181137 443677.345228 4436655.182876 33.336278 0.007703 -0.002882 -0.309296 0.950930
581 1647769623.281044 443677.406990 4436655.149624 33.336540 0.006979 -0.002988 -0.305881 0.952039
582 1647769623.379713 443677.470380 4436655.118226 33.337802 0.006421 -0.003102 -0.302216 0.953214
583 1647769623.479732 443677.536377 4436655.084332 33.337978 0.005571 -0.003427 -0.298280 0.954456
584 1647769623.579734 443677.609583 4436655.051328 33.337331 0.004326 -0.003116 -0.294016 0.955785
585 1647769623.679713 443677.684295 4436655.010658 33.337643 0.003949 -0.003262 -0.289784 0.957079
586 1647769623.781033 443677.765693 4436654.973607 33.337031 0.003523 -0.003264 -0.285350 0.958412
587 1647769623.880923 443677.848023 4436654.931821 33.336546 0.003596 -0.003493 -0.281073 0.959674
588 1647769623.981123 443677.933142 4436654.891423 33.337059 0.003982 -0.003905 -0.278282 0.960483
589 1647769624.079721 443678.018610 4436654.849892 33.336202 0.004518 -0.003937 -0.277060 0.960835
590 1647769624.179742 443678.107462 4436654.803377 33.336048 0.004388 -0.003958 -0.276228 0.961073
591 1647769624.279778 443678.198525 4436654.755547 33.334752 0.004856 -0.003670 -0.275603 0.961253
592 1647769624.381058 443678.293245 4436654.709157 33.333533 0.005844 -0.003130 -0.274946 0.961437
593 1647769624.480940 443678.385271 4436654.660540 33.332106 0.006645 -0.002797 -0.274685 0.961507
594 1647769624.580952 443678.474148 4436654.612946 33.330194 0.007740 -0.002500 -0.275800 0.961181
595 1647769624.680954 443678.560452 4436654.562792 33.328217 0.008665 -0.002111 -0.277831 0.960589
596 1647769624.781036 443678.646165 4436654.514831 33.325835 0.009601 -0.001428 -0.280622 0.959769
597 1647769624.880912 443678.727243 4436654.465205 33.323046 0.010298 -0.000816 -0.283996 0.958769
598 1647769624.980958 443678.809556 4436654.416365 33.319970 0.011525 -0.000314 -0.287101 0.957831
599 1647769625.080927 443678.890724 4436654.369211 33.319989 0.011777 -0.000215 -0.290617 0.956767
600 1647769625.180904 443678.968954 4436654.319097 33.319282 0.012443 0.000098 -0.293973 0.955732
601 1647769625.280798 443679.048624 4436654.268745 33.318869 0.013114 0.000648 -0.296040 0.955085
602 1647769625.380782 443679.131231 4436654.220015 33.318041 0.013429 0.000896 -0.297715 0.954560
603 1647769625.480766 443679.214379 4436654.169655 33.317654 0.013250 0.001125 -0.298210 0.954408
604 1647769625.580988 443679.303860 4436654.121099 33.317674 0.013151 0.001073 -0.297534 0.954620
605 1647769625.680971 443679.394054 4436654.069391 33.318876 0.012991 0.000952 -0.296922 0.954812
606 1647769625.780945 443679.487702 4436654.019317 33.319356 0.013025 0.000787 -0.295734 0.955182
607 1647769625.879523 443679.579946 4436653.966655 33.320655 0.013612 0.001177 -0.294610 0.955520
608 1647769625.979642 443679.674717 4436653.915099 33.320547 0.014198 0.000774 -0.293662 0.955803
609 1647769626.080920 443679.774799 4436653.862871 33.319582 0.014038 0.000866 -0.292677 0.956107
610 1647769626.180876 443679.873627 4436653.806967 33.319063 0.014531 0.000488 -0.291529 0.956450
611 1647769626.280928 443679.975295 4436653.750057 33.318769 0.014623 0.000269 -0.290795 0.956673
612 1647769626.380874 443680.079725 4436653.694407 33.317120 0.015634 0.000067 -0.289693 0.956991
613 1647769626.480866 443680.184836 4436653.634821 33.314298 0.017275 -0.000346 -0.288648 0.957279
614 1647769626.580838 443680.291846 4436653.578902 33.315195 0.016940 -0.000940 -0.288068 0.957461
615 1647769626.680889 443680.400002 4436653.518979 33.310333 0.018273 -0.001210 -0.286794 0.957818
616 1647769626.780810 443680.509106 4436653.464584 33.315033 0.016520 -0.002379 -0.286020 0.958078
617 1647769626.880826 443680.617094 4436653.406144 33.313472 0.016617 -0.001743 -0.285209 0.958320
618 1647769626.980828 443680.727460 4436653.348905 33.312016 0.016760 -0.001379 -0.284636 0.958489
619 1647769627.080864 443680.837172 4436653.294466 33.312837 0.015888 -0.001663 -0.283588 0.958813
620 1647769627.180780 443680.943467 4436653.239170 33.312359 0.015628 -0.001233 -0.282730 0.959071
621 1647769627.280836 443681.045990 4436653.185662 33.313970 0.015363 -0.001283 -0.282091 0.959264
622 1647769627.380792 443681.152041 4436653.133653 33.314207 0.014516 -0.000552 -0.281283 0.959515
623 1647769627.480766 443681.251730 4436653.082722 33.314525 0.014151 -0.000229 -0.280681 0.959697
624 1647769627.580745 443681.352827 4436653.032390 33.314213 0.014127 0.000268 -0.279844 0.959941
625 1647769627.680806 443681.450809 4436652.980060 33.312029 0.014355 0.000704 -0.279234 0.960115
626 1647769627.780757 443681.550795 4436652.931398 33.310920 0.013862 0.001176 -0.278339 0.960383
627 1647769627.880751 443681.647491 4436652.882147 33.309741 0.013608 0.001507 -0.277388 0.960660
628 1647769627.980714 443681.743810 4436652.835478 33.309151 0.013490 0.001447 -0.276354 0.960960
629 1647769628.080751 443681.838560 4436652.788056 33.307251 0.014423 0.000852 -0.275121 0.961300
630 1647769628.180679 443681.932057 4436652.742376 33.307804 0.013904 0.001331 -0.273720 0.961708
631 1647769628.280741 443682.022634 4436652.697131 33.306150 0.013990 0.000914 -0.271982 0.962201
632 1647769628.380704 443682.112917 4436652.654260 33.306113 0.013858 0.000654 -0.270330 0.962668
633 1647769628.480681 443682.200864 4436652.614324 33.308052 0.013259 0.001450 -0.268231 0.963262
634 1647769628.580674 443682.290450 4436652.572836 33.306379 0.013530 0.001578 -0.265430 0.964035
635 1647769628.680678 443682.375576 4436652.529930 33.305207 0.014385 0.001067 -0.262082 0.964938
636 1647769628.780706 443682.463142 4436652.493430 33.305630 0.013851 0.001142 -0.258893 0.965806
637 1647769628.880663 443682.547875 4436652.456794 33.306732 0.012797 0.001361 -0.254678 0.966941
638 1647769628.980653 443682.634877 4436652.422683 33.305877 0.012929 0.001054 -0.249403 0.968312
639 1647769629.080625 443682.723133 4436652.390073 33.304945 0.012858 0.001570 -0.244006 0.969688
640 1647769629.180685 443682.806743 4436652.356738 33.304512 0.012888 0.001735 -0.238501 0.971055
641 1647769629.280628 443682.889009 4436652.326110 33.304905 0.012613 0.001501 -0.232865 0.972427
642 1647769629.380636 443682.972935 4436652.298133 33.305018 0.012557 0.001457 -0.227345 0.973732
643 1647769629.480645 443683.054939 4436652.269245 33.304269 0.012668 0.001557 -0.221726 0.975025
644 1647769629.580597 443683.135930 4436652.242778 33.303328 0.013257 0.001161 -0.216231 0.976252
645 1647769629.680619 443683.215508 4436652.216244 33.302852 0.013278 0.000945 -0.210903 0.977417
646 1647769629.780586 443683.294889 4436652.193105 33.302963 0.013444 0.000630 -0.205637 0.978536
647 1647769629.880532 443683.371490 4436652.170165 33.303229 0.013130 0.000223 -0.200467 0.979613
648 1647769629.980494 443683.449367 4436652.151460 33.303357 0.012317 0.000123 -0.195126 0.980701
649 1647769630.080507 443683.526203 4436652.131206 33.302966 0.012457 0.000018 -0.190151 0.981676
650 1647769630.180572 443683.602112 4436652.112727 33.303071 0.011701 0.000161 -0.185035 0.982662
651 1647769630.280498 443683.676924 4436652.095224 33.303316 0.011913 0.000021 -0.179533 0.983680
652 1647769630.380488 443683.753425 4436652.078133 33.303490 0.012129 -0.000219 -0.174205 0.984635
653 1647769630.480502 443683.828715 4436652.062135 33.303945 0.012245 -0.000374 -0.168636 0.985602
654 1647769630.580477 443683.905389 4436652.046639 33.303803 0.012594 -0.000542 -0.163241 0.986506
655 1647769630.680494 443683.981050 4436652.030484 33.304362 0.012906 -0.000952 -0.157444 0.987443
656 1647769630.780445 443684.057958 4436652.017627 33.304326 0.012882 -0.001056 -0.151699 0.988342
657 1647769630.880451 443684.138678 4436652.006281 33.301871 0.011366 0.000188 -0.145533 0.989288
658 1647769630.980494 443684.217224 4436651.994243 33.301343 0.011750 0.000708 -0.139701 0.990123
659 1647769631.080485 443684.295937 4436651.982136 33.299534 0.012326 0.000859 -0.134694 0.990810
660 1647769631.180536 443684.370568 4436651.970761 33.302281 0.012720 0.000209 -0.128991 0.991564
661 1647769631.280468 443684.439946 4436651.960418 33.304372 0.013184 -0.000625 -0.124131 0.992178
662 1647769631.380450 443684.509956 4436651.952927 33.304863 0.013291 -0.001159 -0.119017 0.992802
663 1647769631.480440 443684.584796 4436651.949186 33.302547 0.011979 0.000376 -0.113344 0.993483
664 1647769631.580455 443684.664104 4436651.939105 33.296824 0.013431 0.001609 -0.108357 0.994020
665 1647769631.680398 443684.739923 4436651.936256 33.301092 0.012653 0.000452 -0.102676 0.994634
666 1647769631.780442 443684.816499 4436651.927888 33.298926 0.014226 0.000357 -0.098343 0.995051
667 1647769631.880564 443684.898543 4436651.917897 33.292628 0.016717 0.001964 -0.093740 0.995455
668 1647769631.980443 443684.981655 4436651.912510 33.290373 0.017473 0.002404 -0.088774 0.995896
669 1647769632.080487 443685.067872 4436651.911172 33.289545 0.016614 0.002844 -0.083452 0.996370
670 1647769632.180347 443685.153708 4436651.908290 33.290007 0.016776 0.003073 -0.078832 0.996742
671 1647769632.280233 443685.239026 4436651.907443 33.290569 0.016697 0.003282 -0.074745 0.997057
672 1647769632.380394 443685.324921 4436651.905294 33.290033 0.016969 0.003496 -0.070963 0.997329
673 1647769632.480295 443685.412406 4436651.904714 33.289770 0.017315 0.003934 -0.067302 0.997575
674 1647769632.580328 443685.499680 4436651.904634 33.290432 0.017136 0.003664 -0.063797 0.997809
675 1647769632.680290 443685.588539 4436651.904701 33.291411 0.016970 0.003603 -0.060415 0.998022
676 1647769632.780310 443685.675994 4436651.904860 33.292073 0.017169 0.003197 -0.056528 0.998248
677 1647769632.880284 443685.767245 4436651.904871 33.291898 0.017391 0.003512 -0.053013 0.998436
678 1647769632.980308 443685.856364 4436651.907242 33.292677 0.017221 0.003549 -0.049795 0.998605
679 1647769633.080268 443685.945065 4436651.909825 33.292923 0.017103 0.003683 -0.047252 0.998730
680 1647769633.180241 443686.036207 4436651.911339 33.292036 0.017567 0.004042 -0.045400 0.998806
681 1647769633.280242 443686.127160 4436651.911548 33.290810 0.018608 0.003829 -0.043591 0.998869
682 1647769633.380218 443686.217437 4436651.915505 33.290965 0.017190 0.003140 -0.042538 0.998942
683 1647769633.480255 443686.310507 4436651.918083 33.292102 0.017074 0.003313 -0.041386 0.998992
684 1647769633.580266 443686.399256 4436651.921095 33.291306 0.016459 0.003385 -0.040820 0.999025
685 1647769633.680258 443686.490336 4436651.919802 33.289163 0.018842 0.003254 -0.039282 0.999045
686 1647769633.780195 443686.582648 4436651.921620 33.289665 0.017279 0.003414 -0.039206 0.999076
687 1647769633.880200 443686.675870 4436651.923297 33.290688 0.016613 0.001984 -0.037580 0.999154
688 1647769633.980159 443686.768626 4436651.923372 33.289180 0.019201 0.000190 -0.036648 0.999144
689 1647769634.080253 443686.869081 4436651.926319 33.288626 0.020164 0.000103 -0.035119 0.999180
690 1647769634.180203 443686.974201 4436651.927573 33.288228 0.020648 0.000335 -0.034383 0.999195
691 1647769634.280280 443687.077990 4436651.932425 33.292906 0.018839 -0.001786 -0.033193 0.999270
692 1647769634.380187 443687.186261 4436651.936805 33.294286 0.018477 -0.002135 -0.032136 0.999310
693 1647769634.480120 443687.297226 4436651.942197 33.296479 0.017600 -0.003299 -0.030122 0.999386
694 1647769634.580108 443687.416075 4436651.945773 33.292535 0.018633 -0.001961 -0.028771 0.999410
695 1647769634.680086 443687.534439 4436651.954463 33.296138 0.016550 -0.001817 -0.026236 0.999517
696 1647769634.780075 443687.646455 4436651.960098 33.299068 0.017527 -0.003113 -0.024528 0.999541
697 1647769634.880095 443687.764844 4436651.964433 33.296126 0.019161 -0.001904 -0.022350 0.999565
698 1647769634.980072 443687.879052 4436651.972920 33.296882 0.018844 -0.002148 -0.020844 0.999603
699 1647769635.080063 443687.997923 4436651.985524 33.294880 0.016440 -0.001105 -0.018444 0.999694
700 1647769635.180049 443688.111593 4436651.990132 33.295468 0.018299 -0.001975 -0.016080 0.999701
701 1647769635.280038 443688.228358 4436651.998129 33.294936 0.018216 -0.001105 -0.014282 0.999731
702 1647769635.380061 443688.345186 4436652.008137 33.292576 0.018038 -0.000310 -0.011945 0.999766
703 1647769635.480055 443688.460252 4436652.016510 33.291041 0.018518 -0.000486 -0.009960 0.999779
704 1647769635.580035 443688.576586 4436652.027470 33.290025 0.018508 0.001092 -0.008438 0.999793
705 1647769635.680001 443688.685698 4436652.033475 33.291916 0.018912 0.000743 -0.007166 0.999795
706 1647769635.780001 443688.794022 4436652.046623 33.291026 0.016555 0.002539 -0.006022 0.999842
707 1647769635.879979 443688.901621 4436652.052403 33.285297 0.016363 0.003096 -0.005129 0.999848
708 1647769635.979989 443689.006502 4436652.062876 33.290098 0.016084 0.003734 -0.004545 0.999854
709 1647769636.080052 443689.105227 4436652.072614 33.291618 0.015246 0.004174 -0.004199 0.999866
710 1647769636.179983 443689.200375 4436652.081981 33.294118 0.012285 0.004047 -0.003670 0.999910
711 1647769636.279957 443689.292694 4436652.084063 33.291065 0.013988 0.003526 -0.003089 0.999891
712 1647769636.379943 443689.385539 4436652.094588 33.292218 0.012754 0.004056 -0.002600 0.999907
713 1647769636.479959 443689.475460 4436652.099961 33.293196 0.011540 0.003798 -0.002413 0.999923
714 1647769636.579948 443689.563482 4436652.110447 33.293859 0.010761 0.005206 -0.001306 0.999928
715 1647769636.679930 443689.646753 4436652.115408 33.291478 0.012065 0.004375 -0.000159 0.999918
716 1647769636.779968 443689.728552 4436652.123399 33.291976 0.012101 0.004598 0.000526 0.999916
717 1647769636.879925 443689.805949 4436652.128222 33.292773 0.011861 0.004669 0.001084 0.999918
718 1647769636.979900 443689.878544 4436652.136487 33.294274 0.010090 0.003317 0.001033 0.999943
719 1647769637.079949 443689.955887 4436652.145512 33.292550 0.009876 0.003856 0.001764 0.999942
720 1647769637.179898 443690.028362 4436652.150128 33.292613 0.010273 0.003758 0.002094 0.999938
721 1647769637.279891 443690.098997 4436652.154403 33.292033 0.011233 0.003394 0.002591 0.999928
722 1647769637.379886 443690.166967 4436652.161944 33.293228 0.011459 0.002580 0.003153 0.999926
723 1647769637.479859 443690.232869 4436652.166137 33.294046 0.011745 0.001889 0.003510 0.999923
724 1647769637.579853 443690.296008 4436652.173976 33.294584 0.011361 0.001056 0.004038 0.999927
725 1647769637.679862 443690.357416 4436652.178229 33.296049 0.011580 0.000625 0.004384 0.999923
726 1647769637.779828 443690.417071 4436652.184039 33.295889 0.012749 -0.000334 0.005097 0.999906
727 1647769637.879822 443690.474596 4436652.187061 33.296921 0.013414 -0.000483 0.005227 0.999896
728 1647769637.979819 443690.528020 4436652.192062 33.297023 0.014338 -0.000491 0.005524 0.999882
729 1647769638.079835 443690.577394 4436652.196795 33.297110 0.014701 -0.000338 0.005660 0.999876
730 1647769638.179839 443690.625213 4436652.201033 33.296905 0.013837 -0.000153 0.006080 0.999886
731 1647769638.279806 443690.672383 4436652.204147 33.297379 0.012569 -0.001039 0.005904 0.999903
732 1647769638.379776 443690.722600 4436652.211128 33.297717 0.011403 -0.001923 0.006332 0.999913
733 1647769638.479796 443690.774625 4436652.214780 33.298196 0.011470 -0.002389 0.006598 0.999910
734 1647769638.579782 443690.827316 4436652.220090 33.298474 0.012017 -0.002314 0.006867 0.999902
735 1647769638.679772 443690.878578 4436652.222766 33.299916 0.012632 -0.002213 0.007251 0.999892
736 1647769638.779749 443690.929609 4436652.227867 33.300409 0.012875 -0.002145 0.007272 0.999888
737 1647769638.879758 443690.982146 4436652.230968 33.301530 0.012909 -0.001575 0.007582 0.999887
738 1647769638.979726 443691.036393 4436652.237704 33.301564 0.012149 -0.001816 0.007676 0.999895
739 1647769639.079727 443691.094987 4436652.244026 33.301232 0.012499 -0.001836 0.007869 0.999889
740 1647769639.179728 443691.153922 4436652.248226 33.303002 0.012911 -0.002082 0.008175 0.999881
741 1647769639.279758 443691.214656 4436652.252764 33.304790 0.013366 -0.002592 0.008423 0.999872
742 1647769639.379727 443691.275813 4436652.259969 33.306065 0.013391 -0.002831 0.008667 0.999869
743 1647769639.479707 443691.336962 4436652.263995 33.308035 0.013820 -0.002928 0.008717 0.999862
744 1647769639.579751 443691.398115 4436652.271383 33.308288 0.013171 -0.002955 0.008747 0.999871
745 1647769639.679696 443691.456329 4436652.277088 33.309776 0.012233 -0.003460 0.008497 0.999883
746 1647769639.779683 443691.515693 4436652.282467 33.309739 0.012263 -0.003295 0.008047 0.999887
747 1647769639.879666 443691.570399 4436652.285964 33.311282 0.011755 -0.003259 0.006693 0.999903
748 1647769639.979663 443691.622998 4436652.289250 33.311362 0.011770 -0.003278 0.005217 0.999912
749 1647769640.079659 443691.672660 4436652.292669 33.311856 0.011258 -0.003422 0.003272 0.999925
750 1647769640.179671 443691.719794 4436652.294957 33.313084 0.010551 -0.003884 0.001880 0.999935
751 1647769640.279628 443691.765290 4436652.295968 33.314187 0.010833 -0.004028 0.001235 0.999933
752 1647769640.379637 443691.810357 4436652.299760 33.314690 0.010517 -0.004164 0.000904 0.999936
753 1647769640.479630 443691.853007 4436652.302016 33.315266 0.010621 -0.004118 0.001048 0.999935
754 1647769640.579614 443691.894688 4436652.305937 33.315522 0.010628 -0.004078 0.001162 0.999934
755 1647769640.679598 443691.933024 4436652.309187 33.316853 0.010870 -0.004098 0.001470 0.999931
756 1647769640.779600 443691.970291 4436652.312825 33.317127 0.010883 -0.003909 0.001674 0.999932
757 1647769640.879586 443692.002566 4436652.315681 33.318594 0.010916 -0.003827 0.001861 0.999931
758 1647769640.979629 443692.032770 4436652.318551 33.318852 0.010873 -0.003773 0.002000 0.999932
759 1647769641.079567 443692.059929 4436652.321400 33.319240 0.010642 -0.003870 0.002149 0.999934
760 1647769641.179576 443692.083274 4436652.323531 33.320089 0.010681 -0.003818 0.002386 0.999933
761 1647769641.279567 443692.103428 4436652.325102 33.321463 0.010548 -0.003743 0.002499 0.999934
762 1647769641.379551 443692.122279 4436652.326865 33.321569 0.010485 -0.003593 0.002680 0.999935
763 1647769641.479590 443692.136514 4436652.328091 33.322799 0.010276 -0.003537 0.002774 0.999937
764 1647769641.579563 443692.148264 4436652.329114 33.322972 0.010242 -0.003482 0.002936 0.999937
765 1647769641.679518 443692.154686 4436652.329263 33.323459 0.010134 -0.003449 0.003047 0.999938
766 1647769641.779512 443692.157143 4436652.329048 33.323461 0.010135 -0.003427 0.003084 0.999938
767 1647769641.879538 443692.154689 4436652.327990 33.323702 0.010130 -0.003487 0.003060 0.999938
768 1647769641.979573 443692.153764 4436652.327385 33.323651 0.010153 -0.003485 0.003061 0.999938
769 1647769642.079496 443692.153765 4436652.326907 33.323617 0.010153 -0.003472 0.003058 0.999938
770 1647769642.179493 443692.152447 4436652.326250 33.323792 0.010149 -0.003488 0.003071 0.999938
771 1647769642.279487 443692.151607 4436652.325660 33.323976 0.010168 -0.003482 0.003060 0.999938
772 1647769642.379478 443692.151059 4436652.325206 33.323969 0.010156 -0.003477 0.003068 0.999938
773 1647769642.479474 443692.149854 4436652.324706 33.324297 0.010139 -0.003474 0.003073 0.999938
774 1647769642.579457 443692.149051 4436652.324193 33.324246 0.010157 -0.003461 0.003074 0.999938
775 1647769642.679443 443692.147828 4436652.323901 33.324226 0.010163 -0.003471 0.003049 0.999938
776 1647769642.779437 443692.145618 4436652.323179 33.324172 0.010184 -0.003469 0.003015 0.999938
777 1647769642.879450 443692.142652 4436652.322660 33.324306 0.010210 -0.003483 0.002976 0.999938
778 1647769642.979439 443692.138880 4436652.321813 33.324282 0.010245 -0.003510 0.002950 0.999937
779 1647769643.079451 443692.134475 4436652.320858 33.324232 0.010280 -0.003525 0.002890 0.999937
780 1647769643.179399 443692.129512 4436652.320130 33.324437 0.010288 -0.003546 0.002836 0.999937
781 1647769643.279376 443692.124167 4436652.319298 33.324783 0.010307 -0.003585 0.002786 0.999937
782 1647769643.380705 443692.118521 4436652.318281 33.324838 0.010323 -0.003643 0.002748 0.999936
783 1647769643.480716 443692.112647 4436652.317607 33.325123 0.010334 -0.003710 0.002711 0.999936
784 1647769643.580690 443692.106694 4436652.316608 33.325214 0.010361 -0.003786 0.002681 0.999936
785 1647769643.679346 443692.100710 4436652.316626 33.325282 0.010381 -0.003873 0.002645 0.999935
786 1647769643.779351 443692.094495 4436652.315664 33.325419 0.010412 -0.003971 0.002631 0.999935
787 1647769643.879326 443692.087809 4436652.315332 33.325624 0.010446 -0.004070 0.002583 0.999934
788 1647769643.980685 443692.081482 4436652.314363 33.325742 0.010477 -0.004152 0.002560 0.999933
789 1647769644.080662 443692.075467 4436652.313468 33.325833 0.010516 -0.004219 0.002550 0.999933
790 1647769644.180685 443692.069367 4436652.313523 33.325818 0.010548 -0.004279 0.002518 0.999932
