1 1647769565.281980
2 1647769565.381935
3 1647769565.481744
4 1647769565.581732
5 1647769565.681884
6 1647769565.781837
7 1647769565.881857
8 1647769565.981852
9 1647769566.081833
10 1647769566.181800
11 1647769566.281791
12 1647769566.381878
13 1647769566.481799
14 1647769566.581834
15 1647769566.681793
16 1647769566.781789
17 1647769566.881758
18 1647769566.981749
19 1647769567.081731
20 1647769567.181839
21 1647769567.281742
22 1647769567.381712
23 1647769567.481713
24 1647769567.581726
25 1647769567.681693
26 1647769567.781684
27 1647769567.881700
28 1647769567.981675
29 1647769568.081669
30 1647769568.181648
31 1647769568.281683
32 1647769568.381653
33 1647769568.481620
34 1647769568.581639
35 1647769568.681619
36 1647769568.781624
37 1647769568.881611
38 1647769568.981597
39 1647769569.081604
40 1647769569.181598
41 1647769569.281599
42 1647769569.381592
43 1647769569.481568
44 1647769569.581533
45 1647769569.681536
46 1647769569.781535
47 1647769569.881562
48 1647769569.981512
49 1647769570.081511
50 1647769570.181511
51 1647769570.281503
52 1647769570.381488
53 1647769570.481457
54 1647769570.581496
55 1647769570.681443
56 1647769570.781443
57 1647769570.881431
58 1647769570.981467
59 1647769571.081401
60 1647769571.181381
61 1647769571.281396
62 1647769571.381373
63 1647769571.481346
64 1647769571.581358
65 1647769571.681384
66 1647769571.781342
67 1647769571.881346
68 1647769571.981373
69 1647769572.081342
70 1647769572.181307
71 1647769572.281356
72 1647769572.381289
73 1647769572.481276
74 1647769572.581313
75 1647769572.681253
76 1647769572.781283
77 1647769572.881356
78 1647769572.981249
79 1647769573.081247
80 1647769573.181230
81 1647769573.281207
82 1647769573.381221
83 1647769573.481269
84 1647769573.581208
85 1647769573.681181
86 1647769573.781191
87 1647769573.881177
88 1647769573.981159
89 1647769574.081159
90 1647769574.181195
91 1647769574.281216
92 1647769574.381186
93 1647769574.481147
94 1647769574.581112
95 1647769574.681061
96 1647769574.781117
97 1647769574.881118
98 1647769574.981080
99 1647769575.081068
100 1647769575.181053
101 1647769575.281056
102 1647769575.381033
103 1647769575.481028
104 1647769575.581033
105 1647769575.681020
106 1647769575.781030
107 1647769575.881040
108 1647769575.981031
109 1647769576.081013
110 1647769576.180972
111 1647769576.281001
112 1647769576.380980
113 1647769576.481004
114 1647769576.580982
115 1647769576.680928
116 1647769576.780943
117 1647769576.880905
118 1647769576.980958
119 1647769577.080970
120 1647769577.180884
121 1647769577.280894
122 1647769577.380896
123 1647769577.480905
124 1647769577.580868
125 1647769577.680910
126 1647769577.780837
127 1647769577.880848
128 1647769577.980823
129 1647769578.080856
130 1647769578.180858
131 1647769578.280807
132 1647769578.380816
133 1647769578.480775
134 1647769578.580801
135 1647769578.680862
136 1647769578.780768
137 1647769578.880781
138 1647769578.980745
139 1647769579.080816
140 1647769579.180722
141 1647769579.280719
142 1647769579.380754
143 1647769579.480712
144 1647769579.580698
145 1647769579.680686
146 1647769579.782007
147 1647769579.880669
148 1647769579.980661
149 1647769580.080656
150 1647769580.180713
151 1647769580.280681
152 1647769580.380620
153 1647769580.480650
154 1647769580.581937
155 1647769580.680634
156 1647769580.780643
157 1647769580.880610
158 1647769580.980599
159 1647769581.081938
160 1647769581.181909
161 1647769581.280552
162 1647769581.380556
163 1647769581.481944
164 1647769581.581751
165 1647769581.681943
166 1647769581.781956
167 1647769581.881933
168 1647769581.980402
169 1647769582.080593
170 1647769582.181904
171 1647769582.281864
172 1647769582.381778
173 1647769582.481785
174 1647769582.581827
175 1647769582.681880
176 1647769582.781829
177 1647769582.881818
178 1647769582.981813
179 1647769583.081783
180 1647769583.180493
181 1647769583.280481
182 1647769583.380442
183 1647769583.481738
184 1647769583.581763
185 1647769583.680526
186 1647769583.780457
187 1647769583.880362
188 1647769583.981753
189 1647769584.081698
190 1647769584.181702
191 1647769584.281721
192 1647769584.381663
193 1647769584.481637
194 1647769584.581635
195 1647769584.681656
196 1647769584.781599
197 1647769584.881574
198 1647769584.980279
199 1647769585.080233
200 1647769585.181569
201 1647769585.281436
202 1647769585.381429
203 1647769585.481420
204 1647769585.581616
205 1647769585.681490
206 1647769585.781475
207 1647769585.881536
208 1647769585.981471
209 1647769586.081541
210 1647769586.181519
211 1647769586.281443
212 1647769586.381455
213 1647769586.481461
214 1647769586.581482
215 1647769586.681455
216 1647769586.781459
217 1647769586.881435
218 1647769586.981461
219 1647769587.081480
220 1647769587.181417
221 1647769587.281433
222 1647769587.381395
223 1647769587.481372
224 1647769587.581398
225 1647769587.681369
226 1647769587.781354
227 1647769587.881346
228 1647769587.981442
229 1647769588.081338
230 1647769588.181316
231 1647769588.281337
232 1647769588.381308
233 1647769588.481306
234 1647769588.581301
235 1647769588.681280
236 1647769588.781279
237 1647769588.881257
238 1647769588.981239
239 1647769589.081292
240 1647769589.181213
241 1647769589.281265
242 1647769589.381261
243 1647769589.481268
244 1647769589.581217
245 1647769589.681195
246 1647769589.781209
247 1647769589.881160
248 1647769589.981170
249 1647769590.081159
250 1647769590.181159
251 1647769590.281143
252 1647769590.381139
253 1647769590.481118
254 1647769590.581122
255 1647769590.681128
256 1647769590.781102
257 1647769590.881117
258 1647769590.981118
259 1647769591.081075
260 1647769591.181049
261 1647769591.281107
262 1647769591.381044
263 1647769591.481030
264 1647769591.581085
265 1647769591.680897
266 1647769591.781032
267 1647769591.881058
268 1647769591.981014
269 1647769592.081011
270 1647769592.181023
271 1647769592.281001
272 1647769592.380960
273 1647769592.480958
274 1647769592.580945
275 1647769592.680948
276 1647769592.780957
277 1647769592.880945
278 1647769592.980914
279 1647769593.080931
280 1647769593.180948
281 1647769593.280893
282 1647769593.380890
283 1647769593.480863
284 1647769593.580867
285 1647769593.680845
286 1647769593.780877
287 1647769593.880842
288 1647769593.980854
289 1647769594.080816
290 1647769594.180790
291 1647769594.280768
292 1647769594.380779
293 1647769594.480794
294 1647769594.580774
295 1647769594.680790
296 1647769594.780744
297 1647769594.880790
298 1647769594.980747
299 1647769595.080718
300 1647769595.180642
301 1647769595.280628
302 1647769595.380732
303 1647769595.480715
304 1647769595.580667
305 1647769595.680681
306 1647769595.780667
307 1647769595.880640
308 1647769595.980635
309 1647769596.080637
310 1647769596.180688
311 1647769596.280607
312 1647769596.380618
313 1647769596.480683
314 1647769596.580604
315 1647769596.680642
316 1647769596.780577
317 1647769596.880583
318 1647769596.980622
319 1647769597.080555
320 1647769597.180564
321 1647769597.280556
322 1647769597.380569
323 1647769597.480553
324 1647769597.580554
325 1647769597.680544
326 1647769597.780536
327 1647769597.880528
328 1647769597.980507
329 1647769598.080491
330 1647769598.180498
331 1647769598.280551
332 1647769598.380512
333 1647769598.480489
334 1647769598.580502
335 1647769598.680514
336 1647769598.780513
337 1647769598.880466
338 1647769598.980507
339 1647769599.080484
340 1647769599.180445
341 1647769599.280404
342 1647769599.380398
343 1647769599.480466
344 1647769599.580404
345 1647769599.680370
346 1647769599.780377
347 1647769599.880372
348 1647769599.980374
349 1647769600.080362
350 1647769600.180335
351 1647769600.280341
352 1647769600.380378
353 1647769600.480301
354 1647769600.581662
355 1647769600.681683
356 1647769600.781703
357 1647769600.880280
358 1647769600.980314
359 1647769601.080259
360 1647769601.180254
361 1647769601.280308
362 1647769601.380280
363 1647769601.480237
364 1647769601.580229
365 1647769601.680197
366 1647769601.780297
367 1647769601.880239
368 1647769601.980194
369 1647769602.080211
370 1647769602.180161
371 1647769602.280156
372 1647769602.380169
373 1647769602.480157
374 1647769602.580164
375 1647769602.681513
376 1647769602.781489
377 1647769602.881525
378 1647769602.981471
379 1647769603.081475
380 1647769603.180089
381 1647769603.280070
382 1647769603.380061
383 1647769603.481442
384 1647769603.581398
385 1647769603.681439
386 1647769603.781491
387 1647769603.881398
388 1647769603.981371
389 1647769604.081371
390 1647769604.181343
391 1647769604.281348
392 1647769604.381332
393 1647769604.481349
394 1647769604.580038
395 1647769604.681322
396 1647769604.781372
397 1647769604.881311
398 1647769604.981334
399 1647769605.081294
400 1647769605.181282
401 1647769605.281132
402 1647769605.381113
403 1647769605.481095
404 1647769605.581323
405 1647769605.681308
406 1647769605.781325
407 1647769605.881325
408 1647769605.981364
409 1647769606.081272
410 1647769606.181315
411 1647769606.281270
412 1647769606.381225
413 1647769606.481151
414 1647769606.581158
415 1647769606.681088
416 1647769606.781109
417 1647769606.881105
418 1647769606.981096
419 1647769607.081055
420 1647769607.181078
421 1647769607.281048
422 1647769607.381131
423 1647769607.481045
424 1647769607.581037
425 1647769607.681067
426 1647769607.782042
427 1647769607.881041
428 1647769607.980997
429 1647769608.081010
430 1647769608.180988
431 1647769608.280990
432 1647769608.380987
433 1647769608.480958
434 1647769608.580965
435 1647769608.680993
436 1647769608.780936
437 1647769608.880920
438 1647769608.980949
439 1647769609.080967
440 1647769609.180983
441 1647769609.280918
442 1647769609.380913
443 1647769609.480898
444 1647769609.580873
445 1647769609.680840
446 1647769609.780843
447 1647769609.880867
448 1647769609.980856
449 1647769610.080835
450 1647769610.180842
451 1647769610.280798
452 1647769610.380782
453 1647769610.480819
454 1647769610.580793
455 1647769610.680812
456 1647769610.780826
457 1647769610.880784
458 1647769610.980762
459 1647769611.080750
460 1647769611.180743
461 1647769611.280720
462 1647769611.380723
463 1647769611.480700
464 1647769611.580748
465 1647769611.680710
466 1647769611.780686
467 1647769611.880713
468 1647769611.980808
469 1647769612.080651
470 1647769612.180637
471 1647769612.280645
472 1647769612.380637
473 1647769612.480660
474 1647769612.580620
475 1647769612.680625
476 1647769612.780673
477 1647769612.880606
478 1647769612.980628
479 1647769613.080585
480 1647769613.180563
481 1647769613.280574
482 1647769613.380571
483 1647769613.480587
484 1647769613.580535
485 1647769613.680550
486 1647769613.780520
487 1647769613.880533
488 1647769613.980527
489 1647769614.080518
490 1647769614.180533
491 1647769614.280527
492 1647769614.380502
493 1647769614.480484
494 1647769614.580470
495 1647769614.680469
496 1647769614.780467
497 1647769614.880474
498 1647769614.980478
499 1647769615.080595
500 1647769615.180434
501 1647769615.280431
502 1647769615.380391
503 1647769615.480357
504 1647769615.580370
505 1647769615.680384
506 1647769615.780389
507 1647769615.880372
508 1647769615.980327
509 1647769616.080374
510 1647769616.180341
511 1647769616.280312
512 1647769616.380367
513 1647769616.480286
514 1647769616.580276
515 1647769616.680277
516 1647769616.780260
517 1647769616.880250
518 1647769616.980308
519 1647769617.080270
520 1647769617.180237
521 1647769617.280247
522 1647769617.380220
523 1647769617.480218
524 1647769617.580227
525 1647769617.680195
526 1647769617.780230
527 1647769617.880170
528 1647769617.980164
529 1647769618.080197
530 1647769618.181515
531 1647769618.281533
532 1647769618.381495
533 1647769618.480131
534 1647769618.580116
535 1647769618.680168
536 1647769618.780099
537 1647769618.881425
538 1647769618.980109
539 1647769619.080074
540 1647769619.180073
541 1647769619.280071
542 1647769619.380049
543 1647769619.480042
544 1647769619.581382
545 1647769619.680053
546 1647769619.779910
547 1647769619.880075
548 1647769619.980055
549 1647769620.080082
550 1647769620.181395
551 1647769620.280055
552 1647769620.379956
553 1647769620.479960
554 1647769620.579949
555 1647769620.679939
556 1647769620.779924
557 1647769620.879920
558 1647769620.979966
559 1647769621.079924
560 1647769621.179926
561 1647769621.279881
562 1647769621.379881
563 1647769621.479872
564 1647769621.579876
565 1647769621.679855
566 1647769621.779870
567 1647769621.879857
568 1647769621.979829
569 1647769622.079839
570 1647769622.179815
571 1647769622.279803
572 1647769622.379818
573 1647769622.479825
574 1647769622.579786
575 1647769622.679772
576 1647769622.779846
577 1647769622.879784
578 1647769622.979769
579 1647769623.081075
580 1647769623.181137
581 1647769623.281044
582 1647769623.379713
583 1647769623.479732
584 1647769623.579734
585 1647769623.679713
586 1647769623.781033
587 1647769623.880923
588 1647769623.981123
589 1647769624.079721
590 1647769624.179742
591 1647769624.279778
592 1647769624.381058
593 1647769624.480940
594 1647769624.580952
595 1647769624.680954
596 1647769624.781036
597 1647769624.880912
598 1647769624.980958
599 1647769625.080927
600 1647769625.180904
601 1647769625.280798
602 1647769625.380782
603 1647769625.480766
604 1647769625.580988
605 1647769625.680971
606 1647769625.780945
607 1647769625.879523
608 1647769625.979642
609 1647769626.080920
610 1647769626.180876
611 1647769626.280928
612 1647769626.380874
613 1647769626.480866
614 1647769626.580838
615 1647769626.680889
616 1647769626.780810
617 1647769626.880826
618 1647769626.980828
619 1647769627.080864
620 1647769627.180780
621 1647769627.280836
622 1647769627.380792
623 1647769627.480766
624 1647769627.580745
625 1647769627.680806
626 1647769627.780757
627 1647769627.880751
628 1647769627.980714
629 1647769628.080751
630 1647769628.180679
631 1647769628.280741
632 1647769628.380704
633 1647769628.480681
634 1647769628.580674
635 1647769628.680678
636 1647769628.780706
637 1647769628.880663
638 1647769628.980653
639 1647769629.080625
640 1647769629.180685
641 1647769629.280628
642 1647769629.380636
643 1647769629.480645
644 1647769629.580597
645 1647769629.680619
646 1647769629.780586
647 1647769629.880532
648 1647769629.980494
649 1647769630.080507
650 1647769630.180572
651 1647769630.280498
652 1647769630.380488
653 1647769630.480502
654 1647769630.580477
655 1647769630.680494
656 1647769630.780445
657 1647769630.880451
658 1647769630.980494
659 1647769631.080485
660 1647769631.180536
661 1647769631.280468
662 1647769631.380450
663 1647769631.480440
664 1647769631.580455
665 1647769631.680398
666 1647769631.780442
667 1647769631.880564
668 1647769631.980443
669 1647769632.080487
670 1647769632.180347
671 1647769632.280233
672 1647769632.380394
673 1647769632.480295
674 1647769632.580328
675 1647769632.680290
676 1647769632.780310
677 1647769632.880284
678 1647769632.980308
679 1647769633.080268
680 1647769633.180241
681 1647769633.280242
682 1647769633.380218
683 1647769633.480255
684 1647769633.580266
685 1647769633.680258
686 1647769633.780195
687 1647769633.880200
688 1647769633.980159
689 1647769634.080253
690 1647769634.180203
691 1647769634.280280
692 1647769634.380187
693 1647769634.480120
694 1647769634.580108
695 1647769634.680086
696 1647769634.780075
697 1647769634.880095
698 1647769634.980072
699 1647769635.080063
700 1647769635.180049
701 1647769635.280038
702 1647769635.380061
703 1647769635.480055
704 1647769635.580035
705 1647769635.680001
706 1647769635.780001
707 1647769635.879979
708 1647769635.979989
709 1647769636.080052
710 1647769636.179983
711 1647769636.279957
712 1647769636.379943
713 1647769636.479959
714 1647769636.579948
715 1647769636.679930
716 1647769636.779968
717 1647769636.879925
718 1647769636.979900
719 1647769637.079949
720 1647769637.179898
721 1647769637.279891
722 1647769637.379886
723 1647769637.479859
724 1647769637.579853
725 1647769637.679862
726 1647769637.779828
727 1647769637.879822
728 1647769637.979819
729 1647769638.079835
730 1647769638.179839
731 1647769638.279806
732 1647769638.379776
733 1647769638.479796
734 1647769638.579782
735 1647769638.679772
736 1647769638.779749
737 1647769638.879758
738 1647769638.979726
739 1647769639.079727
740 1647769639.179728
741 1647769639.279758
742 1647769639.379727
743 1647769639.479707
744 1647769639.579751
745 1647769639.679696
746 1647769639.779683
747 1647769639.879666
748 1647769639.979663
749 1647769640.079659
750 1647769640.179671
751 1647769640.279628
752 1647769640.379637
753 1647769640.479630
754 1647769640.579614
755 1647769640.679598
756 1647769640.779600
757 1647769640.879586
758 1647769640.979629
759 1647769641.079567
760 1647769641.179576
761 1647769641.279567
762 1647769641.379551
763 1647769641.479590
764 1647769641.579563
765 1647769641.679518
766 1647769641.779512
767 1647769641.879538
768 1647769641.979573
769 1647769642.079496
770 1647769642.179493
771 1647769642.279487
772 1647769642.379478
773 1647769642.479474
774 1647769642.579457
775 1647769642.679443
776 1647769642.779437
777 1647769642.879450
778 1647769642.979439
779 1647769643.079451
780 1647769643.179399
781 1647769643.279376
782 1647769643.380705
783 1647769643.480716
784 1647769643.580690
785 1647769643.679346
786 1647769643.779351
787 1647769643.879326
788 1647769643.980685
789 1647769644.080662
790 1647769644.180685
1 1647769565.281979
2 1647769565.381932
3 1647769565.481743
4 1647769565.581732
5 1647769565.681883
6 1647769565.781835
7 1647769565.881855
8 1647769565.981851
9 1647769566.081831
10 1647769566.181800
11 1647769566.281791
12 1647769566.381876
13 1647769566.481798
14 1647769566.581834
15 1647769566.681793
16 1647769566.781789
17 1647769566.881758
18 1647769566.981748
19 1647769567.081729
20 1647769567.181838
21 1647769567.281740
22 1647769567.381712
23 1647769567.481713
24 1647769567.581726
25 1647769567.681691
26 1647769567.781683
27 1647769567.881700
28 1647769567.981673
29 1647769568.081667
30 1647769568.181648
31 1647769568.281682
32 1647769568.381653
33 1647769568.481618
34 1647769568.581637
35 1647769568.681617
36 1647769568.781621
37 1647769568.881609
38 1647769568.981596
39 1647769569.081603
40 1647769569.181597
41 1647769569.281596
42 1647769569.381589
43 1647769569.481567
44 1647769569.581531
45 1647769569.681536
46 1647769569.781533
47 1647769569.881560
48 1647769569.981510
49 1647769570.081509
50 1647769570.181510
51 1647769570.281502
52 1647769570.381487
53 1647769570.481456
54 1647769570.581494
55 1647769570.681442
56 1647769570.781443
57 1647769570.881430
58 1647769570.981465
59 1647769571.081399
60 1647769571.181381
61 1647769571.281394
62 1647769571.381371
63 1647769571.481346
64 1647769571.581356
65 1647769571.681384
66 1647769571.781341
67 1647769571.881345
68 1647769571.981372
69 1647769572.081341
70 1647769572.181306
71 1647769572.281355
72 1647769572.381287
73 1647769572.481275
74 1647769572.581312
75 1647769572.681251
76 1647769572.781281
77 1647769572.881354
78 1647769572.981249
79 1647769573.081245
80 1647769573.181229
81 1647769573.281204
82 1647769573.381219
83 1647769573.481267
84 1647769573.581208
85 1647769573.681181
86 1647769573.781190
87 1647769573.881176
88 1647769573.981157
89 1647769574.081157
90 1647769574.181193
91 1647769574.281213
92 1647769574.381183
93 1647769574.481145
94 1647769574.581110
95 1647769574.681061
96 1647769574.781117
97 1647769574.881117
98 1647769574.981079
99 1647769575.081068
100 1647769575.181052
101 1647769575.281054
102 1647769575.381033
103 1647769575.481026
104 1647769575.581031
105 1647769575.681019
106 1647769575.781028
107 1647769575.881038
108 1647769575.981030
109 1647769576.081012
110 1647769576.180970
111 1647769576.281000
112 1647769576.380980
113 1647769576.481004
114 1647769576.580980
115 1647769576.680926
116 1647769576.780943
117 1647769576.880903
118 1647769576.980958
119 1647769577.080967
120 1647769577.180883
121 1647769577.280891
122 1647769577.380895
123 1647769577.480903
124 1647769577.580868
125 1647769577.680909
126 1647769577.780836
127 1647769577.880848
128 1647769577.980822
129 1647769578.080853
130 1647769578.180856
131 1647769578.280807
132 1647769578.380815
133 1647769578.480774
134 1647769578.580800
135 1647769578.680860
136 1647769578.780768
137 1647769578.880779
138 1647769578.980744
139 1647769579.080814
140 1647769579.180721
141 1647769579.280717
142 1647769579.380751
143 1647769579.480711
144 1647769579.580696
145 1647769579.680684
146 1647769579.782005
147 1647769579.880668
148 1647769579.980660
149 1647769580.080655
150 1647769580.180711
151 1647769580.280679
152 1647769580.380620
153 1647769580.480649
154 1647769580.581935
155 1647769580.680631
156 1647769580.780641
157 1647769580.880610
158 1647769580.980597
159 1647769581.081937
160 1647769581.181907
161 1647769581.280551
162 1647769581.380555
163 1647769581.481943
164 1647769581.581750
165 1647769581.681940
166 1647769581.781954
167 1647769581.881929
168 1647769581.980402
169 1647769582.080589
170 1647769582.181902
171 1647769582.281862
172 1647769582.381778
173 1647769582.481784
174 1647769582.581826
175 1647769582.681879
176 1647769582.781827
177 1647769582.881815
178 1647769582.981812
179 1647769583.081782
180 1647769583.180491
181 1647769583.280480
182 1647769583.380442
183 1647769583.481737
184 1647769583.581761
185 1647769583.680525
186 1647769583.780457
187 1647769583.880360
188 1647769583.981753
189 1647769584.081698
190 1647769584.181699
191 1647769584.281720
192 1647769584.381662
193 1647769584.481637
194 1647769584.581635
195 1647769584.681653
196 1647769584.781596
197 1647769584.881574
198 1647769584.980278
199 1647769585.080232
200 1647769585.181568
201 1647769585.281435
202 1647769585.381429
203 1647769585.481420
204 1647769585.581613
205 1647769585.681489
206 1647769585.781473
207 1647769585.881535
208 1647769585.981470
209 1647769586.081538
210 1647769586.181517
211 1647769586.281442
212 1647769586.381454
213 1647769586.481459
214 1647769586.581480
215 1647769586.681453
216 1647769586.781457
217 1647769586.881434
218 1647769586.981459
219 1647769587.081479
220 1647769587.181404
221 1647769587.281431
222 1647769587.381393
223 1647769587.481370
224 1647769587.581396
225 1647769587.681368
226 1647769587.781353
227 1647769587.881345
228 1647769587.981441
229 1647769588.081336
230 1647769588.181315
231 1647769588.281337
232 1647769588.381306
233 1647769588.481306
234 1647769588.581301
235 1647769588.681279
236 1647769588.781279
237 1647769588.881256
238 1647769588.981238
239 1647769589.081290
240 1647769589.181211
241 1647769589.281264
242 1647769589.381259
243 1647769589.481266
244 1647769589.581215
245 1647769589.681194
246 1647769589.781205
247 1647769589.881158
248 1647769589.981169
249 1647769590.081159
250 1647769590.181156
251 1647769590.281142
252 1647769590.381138
253 1647769590.481117
254 1647769590.581121
255 1647769590.681127
256 1647769590.781101
257 1647769590.881116
258 1647769590.981117
259 1647769591.081074
260 1647769591.181047
261 1647769591.281106
262 1647769591.381042
263 1647769591.481030
264 1647769591.581083
265 1647769591.680897
266 1647769591.781030
267 1647769591.881057
268 1647769591.981012
269 1647769592.081011
270 1647769592.181023
271 1647769592.281000
272 1647769592.380958
273 1647769592.480955
274 1647769592.580943
275 1647769592.680948
276 1647769592.780955
277 1647769592.880945
278 1647769592.980912
279 1647769593.080930
280 1647769593.180948
281 1647769593.280891
282 1647769593.380888
283 1647769593.480861
284 1647769593.580866
285 1647769593.680845
286 1647769593.780876
287 1647769593.880841
288 1647769593.980854
289 1647769594.080814
290 1647769594.180788
291 1647769594.280767
292 1647769594.380777
293 1647769594.480792
294 1647769594.580774
295 1647769594.680788
296 1647769594.780742
297 1647769594.880790
298 1647769594.980746
299 1647769595.080715
300 1647769595.180642
301 1647769595.280628
302 1647769595.380730
303 1647769595.480713
304 1647769595.580666
305 1647769595.680680
306 1647769595.780667
307 1647769595.880639
308 1647769595.980634
309 1647769596.080637
310 1647769596.180687
311 1647769596.280606
312 1647769596.380618
313 1647769596.480681
314 1647769596.580603
315 1647769596.680640
316 1647769596.780577
317 1647769596.880582
318 1647769596.980621
319 1647769597.080554
320 1647769597.180562
321 1647769597.280554
322 1647769597.380569
323 1647769597.480553
324 1647769597.580553
325 1647769597.680544
326 1647769597.780536
327 1647769597.880526
328 1647769597.980507
329 1647769598.080489
330 1647769598.180498
331 1647769598.280549
332 1647769598.380511
333 1647769598.480487
334 1647769598.580502
335 1647769598.680514
336 1647769598.780510
337 1647769598.880464
338 1647769598.980505
339 1647769599.080481
340 1647769599.180443
341 1647769599.280401
342 1647769599.380397
343 1647769599.480464
344 1647769599.580403
345 1647769599.680370
346 1647769599.780377
347 1647769599.880370
348 1647769599.980372
349 1647769600.080361
350 1647769600.180334
351 1647769600.280339
352 1647769600.380378
353 1647769600.480300
354 1647769600.581661
355 1647769600.681681
356 1647769600.781700
357 1647769600.880279
358 1647769600.980314
359 1647769601.080258
360 1647769601.180254
361 1647769601.280306
362 1647769601.380277
363 1647769601.480234
364 1647769601.580229
365 1647769601.680194
366 1647769601.780297
367 1647769601.880238
368 1647769601.980191
369 1647769602.080210
370 1647769602.180161
371 1647769602.280154
372 1647769602.380167
373 1647769602.480155
374 1647769602.580163
375 1647769602.681512
376 1647769602.781488
377 1647769602.881523
378 1647769602.981469
379 1647769603.081472
380 1647769603.180087
381 1647769603.280068
382 1647769603.380061
383 1647769603.481441
384 1647769603.581396
385 1647769603.681438
386 1647769603.781490
387 1647769603.881397
388 1647769603.981369
389 1647769604.081370
390 1647769604.181340
391 1647769604.281346
392 1647769604.381330
393 1647769604.481347
394 1647769604.580038
395 1647769604.681320
396 1647769604.781369
397 1647769604.881308
398 1647769604.981334
399 1647769605.081291
400 1647769605.181282
401 1647769605.281132
402 1647769605.381112
403 1647769605.481094
404 1647769605.581319
405 1647769605.681305
406 1647769605.781325
407 1647769605.881321
408 1647769605.981364
409 1647769606.081270
410 1647769606.181314
411 1647769606.281269
412 1647769606.381225
413 1647769606.481149
414 1647769606.581156
415 1647769606.681087
416 1647769606.781108
417 1647769606.881103
418 1647769606.981095
419 1647769607.081054
420 1647769607.181077
421 1647769607.281046
422 1647769607.381129
423 1647769607.481044
424 1647769607.581037
425 1647769607.681065
426 1647769607.782040
427 1647769607.881040
428 1647769607.980995
429 1647769608.081008
430 1647769608.180987
431 1647769608.280990
432 1647769608.380987
433 1647769608.480956
434 1647769608.580965
435 1647769608.680991
436 1647769608.780935
437 1647769608.880919
438 1647769608.980948
439 1647769609.080965
440 1647769609.180982
441 1647769609.280918
442 1647769609.380913
443 1647769609.480897
444 1647769609.580873
445 1647769609.680840
446 1647769609.780842
447 1647769609.880866
448 1647769609.980856
449 1647769610.080835
450 1647769610.180842
451 1647769610.280796
452 1647769610.380782
453 1647769610.480818
454 1647769610.580792
455 1647769610.680809
456 1647769610.780824
457 1647769610.880782
458 1647769610.980762
459 1647769611.080750
460 1647769611.180741
461 1647769611.280719
462 1647769611.380721
463 1647769611.480699
464 1647769611.580748
465 1647769611.680710
466 1647769611.780685
467 1647769611.880711
468 1647769611.980806
469 1647769612.080648
470 1647769612.180636
471 1647769612.280644
472 1647769612.380636
473 1647769612.480659
474 1647769612.580619
475 1647769612.680625
476 1647769612.780673
477 1647769612.880606
478 1647769612.980626
479 1647769613.080584
480 1647769613.180561
481 1647769613.280572
482 1647769613.380569
483 1647769613.480586
484 1647769613.580533
485 1647769613.680549
486 1647769613.780519
487 1647769613.880531
488 1647769613.980527
489 1647769614.080516
490 1647769614.180532
491 1647769614.280527
492 1647769614.380502
493 1647769614.480483
494 1647769614.580468
495 1647769614.680468
496 1647769614.780467
497 1647769614.880472
498 1647769614.980477
499 1647769615.080593
500 1647769615.180432
501 1647769615.280430
502 1647769615.380390
503 1647769615.480357
504 1647769615.580369
505 1647769615.680383
506 1647769615.780386
507 1647769615.880372
508 1647769615.980327
509 1647769616.080374
510 1647769616.180340
511 1647769616.280311
512 1647769616.380366
513 1647769616.480284
514 1647769616.580274
515 1647769616.680276
516 1647769616.780259
517 1647769616.880250
518 1647769616.980307
519 1647769617.080269
520 1647769617.180236
521 1647769617.280246
522 1647769617.380220
523 1647769617.480218
524 1647769617.580225
525 1647769617.680192
526 1647769617.780230
527 1647769617.880169
528 1647769617.980162
529 1647769618.080196
530 1647769618.181514
531 1647769618.281532
532 1647769618.381493
533 1647769618.480131
534 1647769618.580113
535 1647769618.680167
536 1647769618.780099
537 1647769618.881423
538 1647769618.980108
539 1647769619.080074
540 1647769619.180071
541 1647769619.280068
542 1647769619.380049
543 1647769619.480040
544 1647769619.581380
545 1647769619.680051
546 1647769619.779909
547 1647769619.880075
548 1647769619.980054
549 1647769620.080080
550 1647769620.181393
551 1647769620.280055
552 1647769620.379956
553 1647769620.479959
554 1647769620.579946
555 1647769620.679937
556 1647769620.779923
557 1647769620.879920
558 1647769620.979963
559 1647769621.079922
560 1647769621.179925
561 1647769621.279878
562 1647769621.379881
563 1647769621.479871
564 1647769621.579875
565 1647769621.679855
566 1647769621.779867
567 1647769621.879857
568 1647769621.979828
569 1647769622.079839
570 1647769622.179814
571 1647769622.279802
572 1647769622.379816
573 1647769622.479823
574 1647769622.579785
575 1647769622.679769
576 1647769622.779845
577 1647769622.879783
578 1647769622.979769
579 1647769623.081074
580 1647769623.181135
581 1647769623.281042
582 1647769623.379713
583 1647769623.479729
584 1647769623.579734
585 1647769623.679711
586 1647769623.781032
587 1647769623.880922
588 1647769623.981122
589 1647769624.079719
590 1647769624.179740
591 1647769624.279774
592 1647769624.381057
593 1647769624.480938
594 1647769624.580951
595 1647769624.680952
596 1647769624.781035
597 1647769624.880911
598 1647769624.980958
599 1647769625.080926
600 1647769625.180902
601 1647769625.280798
602 1647769625.380782
603 1647769625.480765
604 1647769625.580983
605 1647769625.680970
606 1647769625.780943
607 1647769625.879522
608 1647769625.979640
609 1647769626.080919
610 1647769626.180872
611 1647769626.280925
612 1647769626.380870
613 1647769626.480866
614 1647769626.580837
615 1647769626.680889
616 1647769626.780809
617 1647769626.880825
618 1647769626.980827
619 1647769627.080863
620 1647769627.180778
621 1647769627.280835
622 1647769627.380791
623 1647769627.480765
624 1647769627.580745
625 1647769627.680805
626 1647769627.780757
627 1647769627.880751
628 1647769627.980712
629 1647769628.080749
630 1647769628.180678
631 1647769628.280739
632 1647769628.380702
633 1647769628.480678
634 1647769628.580672
635 1647769628.680676
636 1647769628.780705
637 1647769628.880660
638 1647769628.980650
639 1647769629.080623
640 1647769629.180682
641 1647769629.280627
642 1647769629.380634
643 1647769629.480643
644 1647769629.580595
645 1647769629.680617
646 1647769629.780583
647 1647769629.880531
648 1647769629.980493
649 1647769630.080506
650 1647769630.180571
651 1647769630.280496
652 1647769630.380488
653 1647769630.480500
654 1647769630.580476
655 1647769630.680493
656 1647769630.780444
657 1647769630.880449
658 1647769630.980493
659 1647769631.080482
660 1647769631.180536
661 1647769631.280466
662 1647769631.380450
663 1647769631.480439
664 1647769631.580452
665 1647769631.680396
666 1647769631.780439
667 1647769631.880563
668 1647769631.980440
669 1647769632.080487
670 1647769632.180347
671 1647769632.280233
672 1647769632.380391
673 1647769632.480295
674 1647769632.580328
675 1647769632.680288
676 1647769632.780308
677 1647769632.880283
678 1647769632.980305
679 1647769633.080266
680 1647769633.180238
681 1647769633.280241
682 1647769633.380216
683 1647769633.480253
684 1647769633.580266
685 1647769633.680256
686 1647769633.780193
687 1647769633.880200
688 1647769633.980157
689 1647769634.080252
690 1647769634.180201
691 1647769634.280277
692 1647769634.380185
693 1647769634.480119
694 1647769634.580107
695 1647769634.680085
696 1647769634.780075
697 1647769634.880094
698 1647769634.980070
699 1647769635.080061
700 1647769635.180049
701 1647769635.280035
702 1647769635.380059
703 1647769635.480053
704 1647769635.580032
705 1647769635.680000
706 1647769635.780001
707 1647769635.879978
708 1647769635.979989
709 1647769636.080049
710 1647769636.179982
711 1647769636.279956
712 1647769636.379943
713 1647769636.479959
714 1647769636.579947
715 1647769636.679927
716 1647769636.779968
717 1647769636.879922
718 1647769636.979899
719 1647769637.079948
720 1647769637.179898
721 1647769637.279888
722 1647769637.379884
723 1647769637.479858
724 1647769637.579852
725 1647769637.679861
726 1647769637.779826
727 1647769637.879820
728 1647769637.979816
729 1647769638.079832
730 1647769638.179838
731 1647769638.279806
732 1647769638.379775
733 1647769638.479793
734 1647769638.579780
735 1647769638.679771
736 1647769638.779747
737 1647769638.879756
738 1647769638.979726
739 1647769639.079726
740 1647769639.179727
741 1647769639.279755
742 1647769639.379723
743 1647769639.479704
744 1647769639.579749
745 1647769639.679693
746 1647769639.779683
747 1647769639.879663
748 1647769639.979660
749 1647769640.079656
750 1647769640.179668
751 1647769640.279626
752 1647769640.379634
753 1647769640.479630
754 1647769640.579613
755 1647769640.679595
756 1647769640.779600
757 1647769640.879583
758 1647769640.979628
759 1647769641.079565
760 1647769641.179575
761 1647769641.279567
762 1647769641.379551
763 1647769641.479589
764 1647769641.579563
765 1647769641.679517
766 1647769641.779512
767 1647769641.879536
768 1647769641.979570
769 1647769642.079493
770 1647769642.179491
771 1647769642.279487
772 1647769642.379477
773 1647769642.479472
774 1647769642.579455
775 1647769642.679443
776 1647769642.779436
777 1647769642.879448
778 1647769642.979439
779 1647769643.079451
780 1647769643.179398
781 1647769643.279374
782 1647769643.380702
783 1647769643.480713
784 1647769643.580688
785 1647769643.679346
786 1647769643.779350
787 1647769643.879324
788 1647769643.980685
789 1647769644.080661
790 1647769644.180681
