0 0 0 0 0 0 1
-0.000625317 0.00292605 -0.000843499 -3.77671e-05 1.0994e-05 -2.49478e-05 1
0.0039561 0.0015762 0.00112505 -3.17995e-05 -9.61346e-05 -0.00012559 1
0.0169138 0.0026464 0.00174552 -5.70026e-05 -0.000132435 -8.52189e-05 1
0.03162 0.00204868 -0.000440158 -0.000126101 -0.000132819 -0.000132759 1
0.0561004 -0.0134057 -0.00244358 -0.000183077 -0.00011435 -0.000123692 1
0.0846241 -0.020981 -0.00156467 -0.000150742 -7.12781e-05 -2.12388e-05 1
0.118668 -0.0314955 -0.0027202 -0.000180473 -5.36073e-05 0.000146677 1
0.157021 -0.0350919 -0.00228167 -0.000238359 3.16083e-05 0.000132954 1
0.198197 -0.035385 -0.00227673 -0.000295699 0.000132219 -2.24069e-05 1
0.248044 -0.0331055 -0.0027956 -0.000382438 0.000226948 -0.000162549 1
0.307932 -0.0408448 -0.00393364 -0.000462132 0.000287233 -0.000304783 1
0.375684 -0.0550945 -0.00491741 -0.000564302 0.000289762 -0.000454026 1
0.446919 -0.065764 -0.00402651 -0.000593705 0.000292523 -0.000938669 0.999999
0.521939 -0.0791595 -0.00392861 -0.000610139 0.000297256 -0.00148342 0.999999
0.601115 -0.100061 -0.00379372 -0.000611165 0.000326083 -0.00206096 0.999998
0.685733 -0.126928 -0.00329898 -0.000592362 0.000396676 -0.00267376 0.999996
0.780102 -0.150213 -0.00170956 -0.000525716 0.00047486 -0.00366066 0.999993
0.873074 -0.16653 -0.00126005 -0.000389235 0.000516903 -0.00478224 0.999988
0.974318 -0.19542 -0.00337207 -0.000250062 0.000588322 -0.00576417 0.999983
1.08972 -0.229712 -0.00415241 -0.000145376 0.000690462 -0.00693209 0.999976
1.20189 -0.258359 -0.00506765 -3.51013e-05 0.000828333 -0.00802597 0.999967
1.32482 -0.293547 -0.00585443 3.58896e-05 0.000954932 -0.00943012 0.999955
1.45042 -0.326966 -0.00755103 8.70231e-05 0.00101641 -0.0109067 0.99994
1.58417 -0.364398 -0.0104247 0.000143577 0.00108255 -0.012471 0.999922
1.72263 -0.407624 -0.015516 0.000165342 0.00119254 -0.0139313 0.999902
1.86443 -0.454895 -0.0169033 0.000195159 0.00129372 -0.0154159 0.99988
2.01037 -0.494665 -0.0164838 0.000268896 0.00139842 -0.0169567 0.999855
2.15998 -0.551915 -0.0182299 0.000405387 0.00155341 -0.0182699 0.999832
2.317 -0.600613 -0.0175334 0.000663302 0.001655 -0.0201573 0.999795
2.48263 -0.647534 -0.0193805 0.000843863 0.00169083 -0.0222002 0.999752
2.6539 -0.698002 -0.0234642 0.000714691 0.00180236 -0.0242813 0.999703
2.82909 -0.754034 -0.0242394 0.000477747 0.00206805 -0.026112 0.999657
3.00881 -0.808586 -0.0222108 2.93513e-05 0.00240429 -0.0280519 0.999604
3.18967 -0.85854 -0.0227121 -0.000348027 0.00263908 -0.0300185 0.999546
3.37621 -0.913878 -0.020215 -0.000478572 0.00284605 -0.0320788 0.999481
3.56087 -0.97251 -0.0197797 -0.000685229 0.00301756 -0.0339022 0.99942
3.74661 -1.03797 -0.0241625 -0.000886613 0.0030196 -0.0358414 0.999353
3.94421 -1.10974 -0.0292783 -0.000919725 0.00311037 -0.0378925 0.999277
4.14213 -1.1821 -0.0328781 -0.000889349 0.00349112 -0.039671 0.999206
4.34447 -1.26025 -0.0333019 -0.000704129 0.00386584 -0.0414212 0.999134
4.55066 -1.33726 -0.0356273 -0.000373031 0.00398763 -0.0432604 0.999056
4.7557 -1.41638 -0.0359173 7.82367e-06 0.00390973 -0.0450922 0.998975
4.96143 -1.49315 -0.0391813 0.000225014 0.0039529 -0.0467716 0.998898
5.16716 -1.56931 -0.0416966 0.000327973 0.00411545 -0.0484474 0.998817
5.38522 -1.64452 -0.0454491 0.000459061 0.00418772 -0.0500614 0.998737
5.59775 -1.72184 -0.0481988 0.000696298 0.00429782 -0.0516657 0.998655
5.81849 -1.8047 -0.0491524 0.000901796 0.00436945 -0.0533345 0.998567
6.03065 -1.88407 -0.0480635 0.00111568 0.00430533 -0.0547493 0.99849
6.25528 -1.96478 -0.0505185 0.00114108 0.0044237 -0.0562857 0.998404
6.48569 -2.0428 -0.0548968 0.00110716 0.00465617 -0.0575367 0.998332
6.71175 -2.12394 -0.0536953 0.00123088 0.00477409 -0.0586858 0.998264
6.93976 -2.20495 -0.0565121 0.00132782 0.00461479 -0.0598975 0.998193
7.16785 -2.28914 -0.061753 0.00136001 0.0046396 -0.0607997 0.998138
7.40126 -2.36489 -0.0616638 0.00129136 0.00488518 -0.061933 0.998068
7.63306 -2.44369 -0.0556641 0.00119056 0.00490687 -0.0627954 0.998014
7.86047 -2.52247 -0.0564209 0.000866578 0.00462529 -0.0635014 0.997971
8.0891 -2.59947 -0.0542033 0.000413349 0.00444619 -0.0642891 0.997921
8.31896 -2.68105 -0.0560036 -5.50443e-05 0.00478453 -0.064893 0.997881
8.55216 -2.7667 -0.0521008 -0.000111263 0.00491385 -0.0655016 0.99784
8.7775 -2.85035 -0.0476037 0.000193303 0.00454608 -0.0659481 0.997813
9.00105 -2.93568 -0.0409229 0.000646303 0.00420464 -0.066677 0.997766
9.22167 -3.01505 -0.0381183 0.00105825 0.003968 -0.0674396 0.997715
9.44551 -3.09925 -0.0355541 0.00125211 0.00387617 -0.0679083 0.997683
9.66655 -3.17798 -0.0323512 0.00122043 0.00383795 -0.0685813 0.997637
9.88167 -3.24967 -0.0301664 0.000934936 0.00359735 -0.068726 0.997629
10.1068 -3.32779 -0.0280914 0.000701601 0.00339815 -0.0693284 0.997588
10.3292 -3.40748 -0.033079 0.000611564 0.00339048 -0.0695673 0.997571
10.5491 -3.48464 -0.0334509 0.000623885 0.0035177 -0.0696598 0.997564
10.7667 -3.55942 -0.0338747 0.000675584 0.00355617 -0.0696733 0.997563
10.9864 -3.64538 -0.0338139 0.000646057 0.00352532 -0.0696097 0.997568
11.2029 -3.72041 -0.0431792 0.000583701 0.00368523 -0.0695743 0.99757
11.4272 -3.794 -0.0494548 0.000556582 0.00395786 -0.0695398 0.997571
11.6492 -3.87176 -0.0536522 0.000442751 0.00402116 -0.0695601 0.99757
11.8608 -3.94665 -0.0450136 0.000641451 0.00395502 -0.0694295 0.997579
12.0775 -4.02154 -0.0408212 0.000740773 0.00386402 -0.0692284 0.997593
12.3014 -4.09966 -0.0389964 0.000699301 0.00379436 -0.0692411 0.997592
12.5129 -4.17506 -0.0392444 0.000646267 0.00385524 -0.0690911 0.997603
12.728 -4.2549 -0.0428081 0.000583871 0.0039191 -0.0688074 0.997622
12.9406 -4.32802 -0.0449358 0.000582599 0.00398938 -0.0686347 0.997634
13.1585 -4.39984 -0.046871 0.000600298 0.00410993 -0.0687037 0.997628
13.3765 -4.47693 -0.0451138 0.000757962 0.00418915 -0.0686314 0.997633
13.5901 -4.54995 -0.0442261 0.000892286 0.00416307 -0.0686018 0.997635
13.8054 -4.61948 -0.0425992 0.000989515 0.00412192 -0.0684328 0.997647
14.0231 -4.68097 -0.0428734 0.00119863 0.00411794 -0.0681317 0.997667
14.2319 -4.75113 -0.0468526 0.00136562 0.00414983 -0.0675446 0.997707
14.4401 -4.81207 -0.050439 0.00130605 0.00432959 -0.0668458 0.997753
14.6498 -4.88088 -0.0527335 0.00117311 0.00449652 -0.0657675 0.997824
14.8585 -4.94825 -0.0506406 0.00127795 0.00459085 -0.0647392 0.997891
15.0664 -5.00924 -0.0491728 0.00137466 0.00446224 -0.0636809 0.997959
15.281 -5.07186 -0.0531959 0.00143911 0.0044954 -0.0627565 0.998018
15.4916 -5.1316 -0.0539658 0.00148881 0.0046282 -0.0617371 0.998081
15.6976 -5.19365 -0.0554358 0.00143155 0.00473332 -0.060844 0.998135
15.9038 -5.25398 -0.0581395 0.00132446 0.00484799 -0.0598372 0.998196
16.1082 -5.30651 -0.0604255 0.00120446 0.00485638 -0.0587776 0.998259
16.3168 -5.36377 -0.0631005 0.00122681 0.00502528 -0.0579469 0.998306
16.5234 -5.41981 -0.0630988 0.00114539 0.00515958 -0.0569221 0.998365
16.7297 -5.47666 -0.0602087 0.00106959 0.00511612 -0.0557104 0.998433
16.9419 -5.53765 -0.0606154 0.00101448 0.00503718 -0.0546812 0.998491
17.1438 -5.59044 -0.062278 0.00122227 0.00519304 -0.0533978 0.998559
17.3521 -5.63852 -0.0670883 0.00138777 0.00534325 -0.0521366 0.998625
17.558 -5.69214 -0.0699241 0.00152918 0.00537854 -0.0507987 0.998693
17.766 -5.74324 -0.0739486 0.00162389 0.00542233 -0.0493437 0.998766
17.9711 -5.79521 -0.0790618 0.00157632 0.00552824 -0.0477671 0.998842
18.177 -5.83695 -0.0791411 0.00160981 0.00561412 -0.0463234 0.998909
18.3812 -5.88191 -0.075625 0.00176578 0.00563917 -0.0448042 0.998978
18.5867 -5.91258 -0.0761252 0.00195873 0.00559683 -0.0432987 0.999045
18.7914 -5.96564 -0.0802541 0.0021979 0.00568575 -0.0414621 0.999121
18.997 -6.0002 -0.0825292 0.00241003 0.0057725 -0.0397949 0.999188
19.1968 -6.03402 -0.0822009 0.0025509 0.00584248 -0.0379566 0.999259
19.4037 -6.07321 -0.0785521 0.00236719 0.00577593 -0.0360922 0.999329
19.6116 -6.11295 -0.0808059 0.00189922 0.00575922 -0.0341918 0.999397
19.8132 -6.14012 -0.077298 0.00146168 0.00574151 -0.0324316 0.999456
20.0206 -6.17626 -0.0737113 0.00124044 0.0056778 -0.0304202 0.99952
20.2236 -6.21719 -0.0722472 0.00108106 0.00557367 -0.0284763 0.999578
20.4176 -6.24336 -0.0741818 0.00116254 0.00568303 -0.0267201 0.999626
20.6181 -6.27732 -0.0782339 0.00125293 0.00580596 -0.024872 0.999673
20.8159 -6.3116 -0.0815346 0.00138409 0.00586981 -0.0231194 0.999715
21.0177 -6.34948 -0.0862091 0.00145492 0.00597663 -0.0211505 0.999757
21.2201 -6.37951 -0.0902348 0.00159583 0.00619482 -0.0194876 0.99979
21.4186 -6.42327 -0.094063 0.00177799 0.00633826 -0.0178745 0.999819
21.6179 -6.45519 -0.0983134 0.00230553 0.00633273 -0.0164687 0.999842
21.8246 -6.49477 -0.10545 0.00279882 0.00633968 -0.0144448 0.999872
22.0279 -6.52482 -0.106621 0.0032248 0.00636287 -0.0123907 0.999898
22.2317 -6.54801 -0.105527 0.00358651 0.00638623 -0.0107513 0.999915
22.443 -6.56716 -0.108393 0.0036701 0.00637476 -0.00842881 0.999937
22.6585 -6.57976 -0.109451 0.00381766 0.0063316 -0.00594309 0.999955
22.8825 -6.59587 -0.105334 0.00394584 0.00627025 -0.00348965 0.999966
23.1275 -6.60588 -0.0998482 0.00406019 0.0059297 -0.000811596 0.999974
23.3964 -6.61873 -0.0908811 0.00391829 0.00519133 0.00213381 0.999977
23.6012 -6.62238 -0.0875922 0.00374807 0.00527135 0.005683 0.999963
23.8053 -6.62527 -0.0845083 0.00356984 0.00535641 0.00964477 0.999933
24.0072 -6.61373 -0.0794268 0.00341683 0.00547976 0.0139408 0.999882
24.2137 -6.59881 -0.0764469 0.0033714 0.0055718 0.0189857 0.999799
24.4242 -6.57909 -0.0847058 0.00338158 0.00581895 0.0242735 0.999683
24.6432 -6.5654 -0.0897853 0.00375712 0.00612764 0.0300509 0.999523
24.8602 -6.54698 -0.0935104 0.00433707 0.00646894 0.0364873 0.999304
25.0712 -6.51597 -0.0967766 0.00500531 0.00658614 0.0429862 0.999041
25.2925 -6.47917 -0.105875 0.0051594 0.00652832 0.049696 0.99873
25.512 -6.43124 -0.10911 0.00530258 0.00681125 0.0568079 0.998348
25.74 -6.38254 -0.109016 0.00546275 0.00706799 0.0641478 0.9979
25.964 -6.32404 -0.107008 0.00542045 0.00715088 0.0717376 0.997383
26.1831 -6.25953 -0.113361 0.00553636 0.00727147 0.0799183 0.99676
26.4163 -6.19895 -0.121814 0.00613175 0.00760969 0.0882987 0.996046
26.6467 -6.13197 -0.125608 0.00670898 0.00766848 0.0967141 0.99526
26.8794 -6.0547 -0.130646 0.00687419 0.00768784 0.105358 0.994381
27.1038 -5.9663 -0.120859 0.00686548 0.0074979 0.114382 0.993385
27.3271 -5.86821 -0.116168 0.00646175 0.00756938 0.123669 0.992274
27.5496 -5.75502 -0.113272 0.00626993 0.00768669 0.13317 0.991044
27.7687 -5.63747 -0.113088 0.0063909 0.00782518 0.143317 0.989625
27.9886 -5.52313 -0.115577 0.00675268 0.00797132 0.153916 0.988029
28.207 -5.3985 -0.114813 0.00744096 0.00801697 0.165141 0.986209
28.4214 -5.25705 -0.122147 0.00919687 0.00807948 0.176774 0.984175
28.6291 -5.10655 -0.128308 0.0111294 0.00829524 0.188795 0.981918
28.8382 -4.95477 -0.132682 0.012036 0.00845104 0.201485 0.979381
29.0374 -4.78997 -0.13181 0.0122266 0.00835166 0.214935 0.976516
29.2252 -4.61041 -0.127191 0.0118821 0.0080726 0.228846 0.973357
29.417 -4.4203 -0.124411 0.0115157 0.00781559 0.243325 0.969845
29.5947 -4.21791 -0.120876 0.011261 0.00789909 0.257697 0.966128
29.7722 -4.01564 -0.119724 0.0110892 0.00787954 0.272423 0.962082
29.9351 -3.79721 -0.118401 0.0111348 0.00768967 0.287513 0.957681
30.1057 -3.58476 -0.125829 0.011372 0.00758343 0.302711 0.952984
30.2648 -3.35321 -0.125417 0.0116379 0.00766352 0.317838 0.948043
30.406 -3.10874 -0.117198 0.0114402 0.0076463 0.332644 0.942952
30.545 -2.87344 -0.107814 0.0109826 0.00733338 0.347778 0.937484
30.67 -2.61488 -0.101293 0.0108043 0.0071877 0.363041 0.931683
30.7951 -2.36125 -0.0992417 0.010817 0.00699527 0.378398 0.925553
30.9177 -2.10822 -0.101097 0.01129 0.00703272 0.393748 0.919122
31.0327 -1.8474 -0.101445 0.012425 0.007119 0.409123 0.912367
31.1442 -1.58849 -0.100436 0.0138566 0.00721859 0.424112 0.905475
31.2437 -1.33032 -0.104471 0.0144481 0.0071251 0.439106 0.898291
31.332 -1.0613 -0.102869 0.0143863 0.00702877 0.45381 0.890954
31.4175 -0.79251 -0.0975006 0.0138987 0.00668631 0.468156 0.883511
31.4922 -0.528173 -0.0870146 0.0134964 0.00630931 0.482513 0.875762
31.5586 -0.255362 -0.0798882 0.0132752 0.00591105 0.496831 0.867725
31.6287 0.0159249 -0.077442 0.0128405 0.00543883 0.510846 0.859559
31.6692 0.28729 -0.0625281 0.0128668 0.00495971 0.524965 0.851012
31.6995 0.563983 -0.0555066 0.0128452 0.00425878 0.539108 0.842128
31.7199 0.838735 -0.049053 0.0127477 0.00378083 0.55329 0.832883
31.7328 1.12117 -0.0426894 0.012643 0.00332167 0.567144 0.823515
31.7372 1.40312 -0.0363871 0.0126448 0.0029449 0.580821 0.813928
31.7296 1.68521 -0.0327221 0.0127975 0.00283598 0.594163 0.804238
31.7142 1.96298 -0.0296601 0.0130283 0.0026356 0.607311 0.794353
31.6873 2.23948 -0.0182944 0.0133747 0.00229663 0.620709 0.783924
31.6579 2.52186 -0.00968869 0.0135888 0.00238759 0.633879 0.77331
31.6204 2.79735 -0.00103323 0.0136629 0.00264312 0.64656 0.762737
31.5729 3.07188 0.00624895 0.0135795 0.00271718 0.658976 0.752037
31.508 3.34178 0.00912865 0.013428 0.00251657 0.671318 0.741043
31.4363 3.61553 0.0144174 0.0128969 0.00220268 0.68345 0.72988
31.3602 3.88748 0.0222398 0.0123249 0.00198299 0.695036 0.718866
31.2829 4.14927 0.0239438 0.0119362 0.00174033 0.706139 0.707971
31.1975 4.41013 0.0280012 0.0117311 0.00157556 0.716804 0.697174
31.107 4.66625 0.0338112 0.0115965 0.00163365 0.72712 0.68641
31.0156 4.92637 0.0414844 0.0114178 0.00155958 0.73715 0.675631
30.9196 5.18657 0.0438293 0.011192 0.00152284 0.746673 0.665095
30.8209 5.44636 0.0496871 0.0107563 0.00150033 0.755615 0.654927
30.7164 5.69995 0.0544636 0.0103589 0.0016633 0.764151 0.644952
30.6117 5.95303 0.0617409 0.00990816 0.00181646 0.772141 0.635371
30.5038 6.2093 0.056819 0.00927984 0.00157537 0.779668 0.626122
30.3985 6.46548 0.0498099 0.00889906 0.00160581 0.786716 0.617249
30.2853 6.71677 0.0474018 0.00846441 0.00167211 0.793418 0.608616
30.1729 6.97174 0.0515851 0.00805553 0.00172092 0.799765 0.600257
30.0547 7.22791 0.0571499 0.00783434 0.00187282 0.80592 0.591969
29.9353 7.48349 0.0653468 0.00771817 0.00208681 0.811914 0.583722
29.8143 7.74096 0.0715206 0.00764697 0.00229122 0.817728 0.57555
29.6848 8.0024 0.0804112 0.0075734 0.00234354 0.823325 0.567515
29.5532 8.26449 0.0846248 0.00735816 0.00241591 0.828913 0.559323
29.4119 8.52155 0.0905174 0.00701384 0.00236345 0.834425 0.551072
29.2648 8.78504 0.0953296 0.00677754 0.00228641 0.839798 0.542852
29.1164 9.04497 0.102212 0.00664462 0.00232231 0.844992 0.534733
28.9608 9.31228 0.106378 0.00651681 0.00227758 0.849957 0.526807
28.8052 9.5816 0.115009 0.00626899 0.001961 0.854824 0.518876
28.6446 9.84802 0.134668 0.00602992 0.0015781 0.859569 0.510981
28.4818 10.111 0.155808 0.00622832 0.000429004 0.864146 0.503202
28.322 10.376 0.172139 0.00611019 -0.00050192 0.86841 0.495808
28.1505 10.6364 0.180465 0.00564933 -0.00117197 0.872542 0.488505
27.9716 10.8814 0.184147 0.00493263 -0.00192812 0.876642 0.481113
27.7957 11.1607 0.18361 0.00489416 -0.00217285 0.880267 0.474448
27.6152 11.4398 0.187398 0.00483001 -0.00243723 0.883657 0.468103
27.4275 11.7172 0.191761 0.00476104 -0.0027071 0.887093 0.461559
27.2361 11.9925 0.204692 0.00469422 -0.00300495 0.890402 0.455141
27.0402 12.2693 0.21535 0.00468138 -0.00316545 0.89369 0.44865
26.8367 12.5424 0.219896 0.00474255 -0.00309844 0.896987 0.44202
26.6301 12.8116 0.222917 0.00470419 -0.0030282 0.9002 0.435441
26.4195 13.0848 0.229022 0.00453028 -0.00299468 0.903261 0.429057
26.2049 13.3464 0.233887 0.00440211 -0.00309692 0.906218 0.422777
25.985 13.61 0.247647 0.00431584 -0.00324276 0.909266 0.416181
25.7631 13.8702 0.265916 0.00430822 -0.00318807 0.912286 0.409519
25.5387 14.1257 0.284386 0.00456369 -0.00325919 0.915231 0.402891
25.3106 14.3781 0.301616 0.00483287 -0.00322981 0.918081 0.39635
25.0757 14.6291 0.309249 0.00496594 -0.00298004 0.920866 0.389837
24.8372 14.8767 0.318658 0.0048901 -0.00274768 0.92361 0.383293
24.5966 15.1213 0.316841 0.00493394 -0.00277795 0.926396 0.376508
24.3474 15.3582 0.320986 0.00488109 -0.00277917 0.929227 0.369466
24.0927 15.5938 0.308675 0.00493338 -0.00276667 0.932125 0.362092
23.8366 15.8205 0.303532 0.00485801 -0.00284313 0.935023 0.354542
23.5706 16.0436 0.316601 0.00469937 -0.00287781 0.93796 0.3467
23.2977 16.2607 0.329475 0.00448557 -0.00255065 0.940918 0.338596
23.0174 16.4709 0.325894 0.00414915 -0.00219673 0.943943 0.330074
22.7331 16.6754 0.316847 0.00396652 -0.00217816 0.947008 0.321179
22.445 16.8742 0.324276 0.00387975 -0.00237029 0.950055 0.312048
22.152 17.0632 0.33599 0.00401068 -0.00291112 0.953077 0.302688
21.8566 17.2474 0.352569 0.00401362 -0.00303129 0.956047 0.293169
21.5577 17.4233 0.357056 0.0038643 -0.00301862 0.958939 0.283569
21.2558 17.5945 0.366114 0.00353986 -0.00276039 0.961754 0.273877
20.9526 17.7627 0.373141 0.00364501 -0.00234734 0.964487 0.264094
20.6453 17.924 0.388061 0.00383177 -0.00188787 0.967103 0.254348
20.3292 18.0718 0.401048 0.00398389 -0.00200495 0.969593 0.244683
20.0106 18.215 0.393524 0.00423467 -0.00298788 0.972071 0.234629
19.6866 18.3469 0.401418 0.00393974 -0.00369962 0.974562 0.224052
19.3609 18.477 0.391417 0.00399351 -0.00426534 0.976962 0.213332
19.0343 18.6108 0.39302 0.00402925 -0.00467777 0.979251 0.202559
18.6996 18.7214 0.391806 0.00365905 -0.0048681 0.981428 0.191732
18.3704 18.8224 0.381553 0.00360341 -0.00505186 0.983517 0.180707
18.0301 18.9085 0.391871 0.00321967 -0.00512977 0.985526 0.169418
17.6964 18.9861 0.402531 0.00338263 -0.00562152 0.987435 0.157892
17.356 19.0496 0.419567 0.0031214 -0.00599391 0.989227 0.146233
17.0116 19.1088 0.412934 0.00292721 -0.0062663 0.990921 0.134267
16.668 19.1613 0.39613 0.00287093 -0.00647039 0.992462 0.122349
16.3257 19.2015 0.398609 0.0027627 -0.00646782 0.993865 0.110373
15.9829 19.2335 0.418185 0.00261211 -0.00618802 0.99516 0.0980401
15.6394 19.257 0.437715 0.00240508 -0.00588366 0.99632 0.0854798
15.2967 19.2719 0.448395 0.00243387 -0.00589722 0.997307 0.0730594
14.9553 19.2766 0.459906 0.0026024 -0.00603783 0.998149 0.0604547
14.6057 19.2673 0.452719 0.00230222 -0.00632874 0.998836 0.0477681
14.2588 19.2533 0.443198 0.00195081 -0.00691183 0.999358 0.035102
13.9134 19.2295 0.432754 0.0020938 -0.00810898 0.999705 0.0228049
13.5766 19.1898 0.431664 0.00196469 -0.00859327 0.999908 0.010274
13.2366 19.1451 0.423578 0.001713 -0.00906826 0.999955 -0.00229472
12.903 19.0996 0.420733 0.00142841 -0.009283 0.999846 -0.0147962
12.573 19.0501 0.42185 0.00133887 -0.00924241 0.999592 -0.0270085
12.2434 18.9885 0.425332 0.00138639 -0.00889982 0.999192 -0.0391654
11.9161 18.9203 0.41288 0.000989017 -0.00916261 0.998642 -0.0512854
11.5878 18.8404 0.40849 0.000194028 -0.00975682 0.99794 -0.0634083
11.2656 18.7551 0.411485 -0.000322959 -0.0102055 0.997112 -0.075253
10.9462 18.6608 0.418462 -0.000326622 -0.0104342 0.996142 -0.0871315
10.628 18.5592 0.424574 -0.000374446 -0.0101991 0.995021 -0.0991433
10.3132 18.4568 0.436994 -0.000314137 -0.00979004 0.993751 -0.111192
10.0015 18.3465 0.446616 -0.00027268 -0.00935705 0.992373 -0.122916
9.69482 18.2293 0.451144 -0.000164464 -0.0090768 0.99092 -0.134144
9.39878 18.1053 0.45185 -0.000452356 -0.00942152 0.989305 -0.145557
9.09842 17.9715 0.451105 -0.000691346 -0.00981593 0.987567 -0.156887
8.80479 17.8366 0.454815 -0.000778638 -0.0101683 0.985732 -0.168012
8.51651 17.6942 0.469414 -0.000700173 -0.00992088 0.98378 -0.179103
8.23428 17.5547 0.481414 -0.000666425 -0.008935 0.981679 -0.190331
7.96257 17.4071 0.480053 -5.81791e-05 -0.00808464 0.979443 -0.20156
7.69645 17.2522 0.49113 0.000361869 -0.00793077 0.977126 -0.212513
7.44794 17.0896 0.500135 0.000728254 -0.00866364 0.974742 -0.223165
7.18171 16.9257 0.50057 0.000533654 -0.00913394 0.972297 -0.233571
6.91341 16.751 0.496218 0.000392185 -0.00999318 0.969781 -0.243771
6.64559 16.5685 0.490805 0.000278344 -0.0107266 0.967242 -0.253628
6.38506 16.3901 0.484151 3.59514e-05 -0.010951 0.964723 -0.263038
6.12884 16.2106 0.47522 -0.000242998 -0.0109511 0.96207 -0.272583
5.87505 16.0284 0.470064 -0.000648385 -0.0108513 0.959334 -0.282062
5.63077 15.8435 0.466034 -0.000872464 -0.0105856 0.956561 -0.291339
5.38173 15.654 0.465633 -0.00120619 -0.0101769 0.95384 -0.300142
5.13954 15.4638 0.454743 -0.00147314 -0.0101479 0.951067 -0.308813
4.90355 15.2698 0.448546 -0.00186603 -0.0102993 0.948352 -0.317047
4.67539 15.0709 0.446844 -0.00211961 -0.0106167 0.945699 -0.324863
4.45025 14.8729 0.440973 -0.00239797 -0.0108309 0.942891 -0.332916
4.22611 14.6712 0.438127 -0.00274552 -0.0111134 0.940192 -0.340452
3.99937 14.4717 0.434535 -0.00297761 -0.0112288 0.937538 -0.34769
3.78047 14.2703 0.433604 -0.0030898 -0.0111475 0.93499 -0.354486
3.55884 14.0674 0.429249 -0.00337156 -0.0109281 0.932428 -0.361175
3.33648 13.8625 0.42472 -0.00356542 -0.0108072 0.9299 -0.367637
3.12547 13.6625 0.42587 -0.00372081 -0.0105783 0.927388 -0.373933
2.91728 13.4606 0.428432 -0.00347341 -0.00994363 0.924891 -0.380086
2.70898 13.255 0.433222 -0.00325953 -0.00940886 0.922353 -0.38622
2.49841 13.0475 0.438723 -0.00319071 -0.0090845 0.919915 -0.392
2.298 12.8368 0.436903 -0.00333301 -0.00908289 0.917579 -0.397436
2.10564 12.6279 0.435544 -0.00363768 -0.00917585 0.915062 -0.403192
1.9095 12.4192 0.437255 -0.00379548 -0.00909713 0.912586 -0.408767
1.72234 12.2097 0.4362 -0.00375544 -0.00911863 0.910185 -0.414085
1.53818 11.9995 0.429391 -0.00370126 -0.0092139 0.907787 -0.419314
1.34839 11.7856 0.425167 -0.00387059 -0.00929811 0.905506 -0.424214
1.16493 11.5716 0.426323 -0.00402471 -0.00939807 0.903213 -0.429071
0.979784 11.3583 0.427388 -0.00398187 -0.00963465 0.900946 -0.433807
0.796992 11.1514 0.427767 -0.00399453 -0.00968278 0.898821 -0.438191
0.61564 10.9416 0.423841 -0.00408232 -0.00955738 0.896751 -0.442414
0.427525 10.7315 0.416522 -0.00421365 -0.00914822 0.894916 -0.446121
0.239573 10.5225 0.413178 -0.00437042 -0.00874262 0.893108 -0.449737
0.0639817 10.3166 0.413121 -0.00439189 -0.00839268 0.891322 -0.453272
-0.113357 10.1122 0.411328 -0.00431612 -0.00814663 0.889642 -0.456566
-0.291594 9.9077 0.409027 -0.00423689 -0.00781375 0.888048 -0.459665
-0.467335 9.70605 0.406069 -0.00437833 -0.00732769 0.886412 -0.462818
-0.643962 9.50649 0.397548 -0.00453418 -0.00726612 0.885007 -0.465499
-0.827327 9.30155 0.396854 -0.00461377 -0.00744737 0.883748 -0.46788
-0.996533 9.10605 0.403607 -0.00399286 -0.00830913 0.882535 -0.470156
-1.1797 8.91234 0.416922 -0.00350481 -0.00846707 0.88128 -0.472506
-1.37358 8.72445 0.433628 -0.00285604 -0.00778728 0.880227 -0.47448
-1.54031 8.52364 0.430426 -0.00246222 -0.00767671 0.879249 -0.476295
-1.70539 8.3241 0.428366 -0.00250595 -0.00789012 0.878389 -0.477876
-1.8739 8.12617 0.426263 -0.00259795 -0.00800623 0.877584 -0.479348
-2.05112 7.92825 0.421242 -0.00277573 -0.008125 0.87696 -0.480487
-2.21914 7.73306 0.41818 -0.00312146 -0.00823885 0.876316 -0.481655
-2.38052 7.53865 0.415182 -0.00345819 -0.00830279 0.875701 -0.48277
-2.54787 7.34565 0.410574 -0.00365278 -0.00844608 0.87525 -0.483583
-2.71238 7.1549 0.405331 -0.00381963 -0.00846994 0.874788 -0.484416
-2.88185 6.96855 0.402679 -0.00414175 -0.00799444 0.874303 -0.485297
-3.05476 6.77884 0.396737 -0.00444056 -0.0075696 0.87396 -0.485919
-3.2235 6.59675 0.389959 -0.00449495 -0.00738267 0.873803 -0.486204
-3.38508 6.41616 0.388834 -0.00432512 -0.0072171 0.873743 -0.486315
-3.54831 6.23147 0.385276 -0.00419459 -0.00742311 0.873731 -0.486335
-3.7147 6.04885 0.38401 -0.0043686 -0.00753884 0.873801 -0.486206
-3.88709 5.87242 0.385141 -0.00454194 -0.00759761 0.873977 -0.485887
-4.04395 5.69804 0.389767 -0.00449229 -0.00781844 0.8742 -0.485482
-4.20237 5.52489 0.390406 -0.00431853 -0.0077772 0.874419 -0.485091
-4.3724 5.35245 0.386262 -0.00437239 -0.00729206 0.874746 -0.484508
-4.54686 5.18515 0.379612 -0.00411448 -0.00665727 0.875289 -0.483537
-4.71732 5.02027 0.379152 -0.00360027 -0.00630152 0.875917 -0.482408
-4.88405 4.85525 0.380543 -0.00308201 -0.0065159 0.876485 -0.481376
-5.05062 4.69025 0.385377 -0.00298551 -0.00697678 0.877141 -0.480173
-5.2191 4.52759 0.383131 -0.00310824 -0.00719631 0.877927 -0.47873
-5.38816 4.36707 0.376344 -0.00320795 -0.00734156 0.878744 -0.477225
-5.56124 4.20521 0.372863 -0.0033506 -0.00741517 0.879592 -0.47566
-5.72979 4.05041 0.370024 -0.00338152 -0.00751799 0.880406 -0.474148
-5.90148 3.89241 0.363278 -0.00345882 -0.00771797 0.881304 -0.472474
-6.07434 3.73787 0.352716 -0.00396276 -0.00763452 0.882189 -0.470817
-6.24589 3.58919 0.34396 -0.00439903 -0.0072898 0.883093 -0.46912
-6.41212 3.442 0.333331 -0.00466797 -0.00729558 0.884055 -0.467303
-6.57592 3.30078 0.324704 -0.00479414 -0.00800258 0.885039 -0.465423
-6.72425 3.16656 0.322805 -0.00490704 -0.00910262 0.88594 -0.463684
-6.86626 3.04189 0.322303 -0.00509941 -0.00939079 0.886944 -0.461754
-6.99942 2.92375 0.320769 -0.00526575 -0.00972453 0.887771 -0.460153
-7.13045 2.81152 0.312289 -0.00559067 -0.00974331 0.888477 -0.458784
-7.26096 2.70674 0.3021 -0.00597626 -0.00938796 0.889291 -0.457206
-7.38128 2.61303 0.293673 -0.00661246 -0.00848491 0.890056 -0.455724
-7.49332 2.52298 0.289879 -0.00688311 -0.00793418 0.890763 -0.454347
-7.58782 2.43763 0.291178 -0.00698923 -0.00787678 0.891381 -0.453133
-7.68245 2.36003 0.295634 -0.00677067 -0.00814543 0.89202 -0.451871
-7.77101 2.28564 0.298456 -0.00658162 -0.0085812 0.892614 -0.450693
-7.84984 2.21665 0.30278 -0.00653736 -0.00912197 0.893073 -0.449771
-7.92546 2.15409 0.30442 -0.00650703 -0.00934787 0.893591 -0.448738
-7.99399 2.0995 0.301938 -0.00644534 -0.00939546 0.894009 -0.447905
-8.05526 2.05063 0.300712 -0.00632855 -0.00934472 0.894399 -0.447128
-8.11181 2.00819 0.299706 -0.00633154 -0.00928728 0.894805 -0.446316
-8.15704 1.96914 0.298682 -0.00635122 -0.0092987 0.895169 -0.445584
-8.19269 1.93908 0.298034 -0.00632881 -0.00945248 0.895381 -0.445156
-8.22308 1.9097 0.299759 -0.00631474 -0.00956588 0.895562 -0.444789
-8.25666 1.88464 0.301101 -0.00634424 -0.00963892 0.895764 -0.44438
-8.27756 1.86546 0.302302 -0.00632105 -0.00967912 0.896026 -0.443851
-8.29232 1.84874 0.302885 -0.00627094 -0.00970752 0.896189 -0.443522
-8.30155 1.83731 0.303653 -0.00619069 -0.00968857 0.896312 -0.443276
-8.31632 1.82973 0.304696 -0.00608909 -0.00967651 0.896304 -0.443293
-8.32599 1.82057 0.304348 -0.00608381 -0.00970563 0.896346 -0.443208
-8.32531 1.81589 0.305653 -0.00605169 -0.00970424 0.896444 -0.443009
-8.32752 1.81089 0.306023 -0.00606171 -0.00967526 0.896378 -0.443143
-8.32615 1.8065 0.305843 -0.0060357 -0.00972218 0.89634 -0.44322
-8.32276 1.80764 0.306797 -0.00602473 -0.00975465 0.896257 -0.443387
-8.32265 1.8075 0.308016 -0.00596793 -0.00974226 0.896228 -0.443446
-8.31904 1.80655 0.309366 -0.00591482 -0.00973702 0.89622 -0.443464
-8.323 1.80633 0.309619 -0.00594474 -0.00974215 0.896211 -0.443481
-8.31719 1.80543 0.310498 -0.00595926 -0.00970587 0.896183 -0.443539
-8.31833 1.8051 0.311153 -0.00593707 -0.0096799 0.896181 -0.443544
-8.3133 1.80556 0.310316 -0.00593037 -0.00969278 0.89614 -0.443625
-8.30743 1.80426 0.309769 -0.00593719 -0.00966836 0.896145 -0.443617
-8.30154 1.80562 0.308201 -0.005951 -0.00969337 0.896169 -0.443567
-8.29864 1.80541 0.306944 -0.00594321 -0.00969216 0.896114 -0.443678
-8.30058 1.80448 0.306519 -0.00596935 -0.00969266 0.896093 -0.443721
-8.29793 1.80458 0.307091 -0.00596222 -0.00970188 0.8961 -0.443706
-8.29809 1.80562 0.306471 -0.00596258 -0.00971431 0.89607 -0.443766
-8.29732 1.80414 0.306253 -0.00595743 -0.00975594 0.89611 -0.443685
-8.29363 1.80266 0.306824 -0.005958 -0.00975384 0.896008 -0.44389
-8.29026 1.8027 0.306729 -0.00595957 -0.00975143 0.89603 -0.443847
-8.28787 1.80254 0.306558 -0.00592707 -0.00974738 0.896102 -0.443701
-8.28763 1.80081 0.306122 -0.00593853 -0.00972265 0.896045 -0.443816
-8.28525 1.79703 0.305195 -0.00591975 -0.00977086 0.895977 -0.443954
-8.28608 1.79615 0.305003 -0.0059096 -0.00977915 0.895841 -0.444227
-8.28089 1.79597 0.304021 -0.00588288 -0.00986983 0.895743 -0.444423
-8.27866 1.7958 0.303462 -0.0058571 -0.00997417 0.895704 -0.444501
-8.27817 1.79323 0.302115 -0.00581489 -0.0100831 0.895699 -0.444508
-8.28025 1.79534 0.301645 -0.0057574 -0.010162 0.8957 -0.444506
-8.2802 1.79541 0.30266 -0.00567211 -0.0101747 0.895684 -0.444539
-8.286 1.79171 0.303327 -0.00559395 -0.0101937 0.895709 -0.44449
-8.28913 1.78774 0.301638 -0.00556647 -0.0102292 0.895707 -0.444493
-8.296 1.78128 0.300111 -0.00551774 -0.0103279 0.895846 -0.444209
-8.31585 1.77237 0.300075 -0.00549894 -0.0103525 0.895933 -0.444035
-8.32838 1.76235 0.29952 -0.00544317 -0.0104169 0.896143 -0.443609
-8.34718 1.74955 0.299695 -0.00539587 -0.0104766 0.89635 -0.44319
-8.37157 1.73491 0.298461 -0.00528845 -0.0106049 0.896595 -0.442693
-8.39306 1.7206 0.298133 -0.00515551 -0.0106699 0.896984 -0.441904
-8.42655 1.70475 0.298273 -0.0049946 -0.0107543 0.897481 -0.440894
-8.45908 1.68943 0.298912 -0.00479396 -0.0108936 0.898032 -0.439769
-8.49895 1.67025 0.299083 -0.00456193 -0.0110179 0.898664 -0.438476
-8.54378 1.65085 0.298472 -0.00422342 -0.0110912 0.899427 -0.436909
-8.59568 1.62881 0.300418 -0.00390277 -0.0111835 0.900338 -0.43503
-8.6466 1.60875 0.30045 -0.00351026 -0.0112393 0.901427 -0.432771
-8.70315 1.58521 0.301193 -0.0029825 -0.0114238 0.902544 -0.430435
-8.76554 1.55761 0.301791 -0.00231693 -0.0116714 0.903823 -0.42774
-8.84133 1.53207 0.298257 -0.00126306 -0.0120256 0.90532 -0.424558
-8.92517 1.50935 0.304249 0.000771075 -0.0129473 0.907438 -0.419987
-8.99904 1.47644 0.303529 0.000768915 -0.0128402 0.908735 -0.417176
-9.0846 1.44237 0.304571 0.000849047 -0.012924 0.910089 -0.414211
-9.17234 1.4031 0.305632 0.000992242 -0.0133883 0.911458 -0.411173
-9.26362 1.36557 0.308325 0.00102492 -0.0136858 0.912975 -0.407784
-9.3636 1.32751 0.313757 0.00107615 -0.0137293 0.914533 -0.404277
-9.47805 1.28823 0.313288 0.00109327 -0.013746 0.916108 -0.400694
-9.59066 1.25023 0.314411 0.00111071 -0.0136547 0.917802 -0.396803
-9.70778 1.21067 0.315671 0.00112061 -0.01352 0.919618 -0.392579
-9.82471 1.17267 0.313906 0.00112817 -0.0134837 0.921408 -0.38836
-9.96057 1.13295 0.313116 0.0011544 -0.0134937 0.923307 -0.383824
-10.0986 1.09438 0.313355 0.00121827 -0.0135603 0.925249 -0.379116
-10.2419 1.05441 0.311039 0.00116544 -0.013595 0.927353 -0.373938
-10.3907 1.01224 0.312562 0.00109152 -0.0134747 0.929417 -0.368785
-10.5496 0.97412 0.312211 0.00115876 -0.0132086 0.931507 -0.363482
-10.7169 0.936285 0.314454 0.00133941 -0.0129682 0.933645 -0.357963
-10.8892 0.898749 0.320348 0.00154731 -0.0126332 0.935869 -0.352117
-11.062 0.862646 0.327859 0.00175718 -0.0124095 0.938136 -0.34604
-11.242 0.824847 0.32974 0.00211768 -0.0123395 0.940372 -0.339917
-11.4237 0.783977 0.327389 0.00224365 -0.0125622 0.942656 -0.333522
-11.6159 0.748228 0.329862 0.00214026 -0.012787 0.945005 -0.326798
-11.8083 0.715431 0.332952 0.00201952 -0.0129438 0.947323 -0.320013
-12.0072 0.685386 0.337296 0.00200418 -0.0132836 0.949595 -0.313192
-12.2108 0.65312 0.33767 0.00205264 -0.0135067 0.951839 -0.306292
-12.4229 0.627593 0.337716 0.00198288 -0.0137147 0.954218 -0.29879
-12.6302 0.611103 0.339815 0.00191949 -0.0139206 0.956656 -0.290881
-12.8368 0.602987 0.342328 0.00190617 -0.0139705 0.95912 -0.28265
-13.0537 0.601611 0.346638 0.00198486 -0.013768 0.961673 -0.273845
-13.2697 0.605587 0.345673 0.00202572 -0.0137367 0.964216 -0.264753
-13.4799 0.618788 0.344152 0.0019984 -0.0137357 0.966764 -0.255294
-13.6874 0.638227 0.344097 0.00192846 -0.0135948 0.969229 -0.245777
-13.8954 0.664138 0.344597 0.00197375 -0.0134014 0.971624 -0.236142
-14.1005 0.694455 0.343207 0.0019173 -0.0132603 0.974015 -0.226089
-14.3101 0.73109 0.344807 0.00183216 -0.0129141 0.97638 -0.215667
-14.5167 0.777086 0.345827 0.00196165 -0.012668 0.978667 -0.205055
-14.7235 0.830942 0.346599 0.00211681 -0.0127145 0.980929 -0.193939
-14.9283 0.883008 0.349503 0.00217837 -0.0127235 0.983136 -0.18242
-15.1363 0.946548 0.351985 0.00212197 -0.0126823 0.985182 -0.171031
-15.3436 1.0151 0.354402 0.00211906 -0.0126351 0.987148 -0.159294
-15.5489 1.09154 0.356232 0.00210753 -0.0125137 0.989022 -0.147223
-15.759 1.17647 0.355874 0.0020567 -0.0125263 0.990801 -0.134729
-15.9648 1.26454 0.355656 0.00193507 -0.0129126 0.992457 -0.121893
-16.1746 1.35814 0.363229 0.00184019 -0.0137365 0.993945 -0.109004
-16.3847 1.45903 0.365054 0.00146036 -0.0140754 0.995294 -0.0958672
-16.5935 1.57184 0.362194 0.000975967 -0.0141479 0.996534 -0.0819629
-16.7948 1.69289 0.364863 0.000840415 -0.0138249 0.997573 -0.0682299
-17.0056 1.82431 0.360001 0.000754632 -0.0136354 0.998433 -0.0542736
-17.2081 1.96022 0.355687 0.000365144 -0.0135077 0.999086 -0.0405434
-17.4151 2.10496 0.354062 -2.20441e-06 -0.0132129 0.999565 -0.0263633
-17.6172 2.261 0.351397 -0.000313303 -0.0125169 0.999853 -0.0117109
-17.8286 2.42971 0.347791 -0.000457559 -0.0121169 0.999922 0.00307362
-18.0475 2.61684 0.348012 -0.000542133 -0.0115602 0.999771 0.0179735
-18.2359 2.78642 0.344063 -0.000487691 -0.0112676 0.999386 0.0331695
-18.4289 2.95729 0.350122 -0.000404458 -0.0113325 0.998748 0.0487233
-18.6217 3.11935 0.354106 -0.000887849 -0.0122527 0.997855 0.0642952
-18.8298 3.27864 0.354258 -0.0016362 -0.0131674 0.996694 0.0801606
-19.0967 3.42912 0.364341 -0.00192801 -0.0134409 0.995294 0.095948
-19.2268 3.625 0.363762 -0.00189774 -0.0134278 0.993658 0.111621
-19.3526 3.83074 0.361727 -0.00184614 -0.0132706 0.991744 0.127528
-19.4741 4.0444 0.361451 -0.00176942 -0.0131248 0.989551 0.143572
-19.5827 4.2614 0.360535 -0.00173411 -0.0130939 0.987061 0.159803
-19.6867 4.48126 0.3605 -0.00172457 -0.0131202 0.984278 0.176128
-19.7863 4.70436 0.355197 -0.00195527 -0.0134972 0.981208 0.192472
-19.8774 4.93167 0.35447 -0.00203742 -0.013585 0.97792 0.208526
-19.9541 5.16366 0.3558 -0.00202447 -0.0134719 0.974307 0.224812
-20.0243 5.39872 0.350582 -0.00213718 -0.0132897 0.970388 0.241175
-20.0896 5.64465 0.330105 -0.00311046 -0.0123333 0.966166 0.257605
-20.1454 5.89101 0.315527 -0.00385054 -0.0117596 0.961615 0.274124
-20.1996 6.14044 0.308492 -0.00421655 -0.0116871 0.956719 0.290748
-20.2349 6.38952 0.308178 -0.00452845 -0.0117298 0.951508 0.307368
-20.2602 6.63927 0.305804 -0.0048119 -0.0124663 0.94591 0.324153
-20.2853 6.89092 0.301617 -0.00516056 -0.0134797 0.939848 0.341287
-20.2904 7.14023 0.309699 -0.00521953 -0.0134299 0.933485 0.358327
-20.2843 7.38988 0.315509 -0.00520688 -0.0132785 0.92698 0.374839
-20.2717 7.63789 0.322683 -0.00516949 -0.0131034 0.920282 0.391002
-20.2509 7.88789 0.3261 -0.00516906 -0.012955 0.913291 0.407069
-20.2231 8.13663 0.32957 -0.00492479 -0.012494 0.906011 0.42304
-20.18 8.37952 0.32813 -0.00473237 -0.0124585 0.898398 0.438981
-20.1331 8.61399 0.328353 -0.00482333 -0.0130673 0.890524 0.454723
-20.0814 8.85167 0.335265 -0.00482918 -0.0133703 0.88238 0.470323
-20.0196 9.08391 0.34337 -0.00478743 -0.0136823 0.873859 0.485964
-19.9505 9.31315 0.347836 -0.00468116 -0.0139517 0.865043 0.501482
-19.8751 9.53515 0.352906 -0.0046676 -0.0142523 0.856014 0.516735
-19.7965 9.7515 0.356938 -0.00470143 -0.0151344 0.846905 0.531508
-19.7017 9.97068 0.358274 -0.00488603 -0.0166919 0.837643 0.545942
-19.6062 10.181 0.360777 -0.00477809 -0.017034 0.8279 0.560596
-19.4873 10.3826 0.355506 -0.00396767 -0.0154071 0.818037 0.574945
-19.365 10.5722 0.348662 -0.00386553 -0.0145881 0.807936 0.589076
-19.2348 10.7784 0.350066 -0.00351339 -0.0141679 0.797711 0.602864
-19.1023 10.978 0.350158 -0.00319941 -0.014096 0.787203 0.616524
-18.9664 11.1687 0.357081 -0.00300391 -0.0141882 0.776529 0.629914
-18.8222 11.3611 0.361814 -0.00342317 -0.0142992 0.765516 0.643248
-18.6695 11.5431 0.375254 -0.00408294 -0.0151029 0.754419 0.656207
-18.5164 11.72 0.377028 -0.00460209 -0.0152278 0.743324 0.668743
-18.3647 11.8933 0.374037 -0.0048778 -0.0150883 0.732107 0.681005
-18.2024 12.0595 0.372679 -0.00508783 -0.01472 0.720719 0.693052
-18.0282 12.2181 0.380025 -0.00485024 -0.0142019 0.70929 0.704757
-17.8448 12.3682 0.379357 -0.00431049 -0.0137285 0.697597 0.716346
-17.6686 12.5117 0.381844 -0.00394273 -0.0133207 0.685654 0.727795
-17.4886 12.6511 0.384916 -0.00382607 -0.01305 0.673786 0.738801
-17.307 12.7832 0.393566 -0.0037242 -0.0130281 0.661762 0.749592
-17.1237 12.9085 0.399825 -0.00368947 -0.0131926 0.649571 0.760177
-16.9335 13.0278 0.401693 -0.00353339 -0.0130759 0.637079 0.770679
-16.7417 13.1346 0.400593 -0.00315062 -0.0126459 0.624825 0.780656
-16.5386 13.2403 0.387745 -0.0027336 -0.0122388 0.612526 0.790351
-16.3283 13.3294 0.387926 -0.00154286 -0.0115708 0.60009 0.799847
-16.1193 13.4246 0.379538 -0.000909985 -0.010861 0.5874 0.809224
-15.9115 13.501 0.375074 -0.000554125 -0.0101421 0.57473 0.81828
-15.7097 13.5798 0.378836 -0.000371025 -0.00986223 0.56208 0.827024
-15.5119 13.6561 0.379175 -0.000899145 -0.00992776 0.549301 0.835565
-15.3102 13.7271 0.372532 -0.00217249 -0.010341 0.536395 0.843901
-15.1127 13.7922 0.371427 -0.00294663 -0.0102076 0.523571 0.851916
-14.9074 13.8486 0.370439 -0.00297653 -0.00982702 0.511197 0.859402
-14.7097 13.8969 0.364572 -0.00268452 -0.00944521 0.499101 0.866488
-14.5076 13.9339 0.358333 -0.00228377 -0.00918357 0.487033 0.873332
-14.3117 13.971 0.360829 -0.00209001 -0.00908886 0.474931 0.879974
-14.1101 14.0094 0.362202 -0.00203264 -0.00892675 0.462776 0.886428
-13.9052 14.0511 0.364602 -0.00195317 -0.00855507 0.450781 0.892591
-13.7033 14.0985 0.365157 -0.0018364 -0.00819977 0.439145 0.898377
-13.5009 14.1361 0.361788 -0.00145658 -0.00779848 0.428387 0.903561
-13.2954 14.1731 0.376411 -0.000114485 -0.00704279 0.41764 0.908585
-13.1006 14.2108 0.378622 0.000593634 -0.00634957 0.407824 0.913038
-12.8974 14.2588 0.381015 0.000907462 -0.00563339 0.398452 0.917172
-12.7045 14.3029 0.370677 0.000908961 -0.00535443 0.390418 0.920622
-12.5103 14.3482 0.369752 0.00103331 -0.00515936 0.382923 0.923765
-12.3253 14.4055 0.370561 0.00109934 -0.00505188 0.376202 0.926523
-12.1363 14.4588 0.366305 0.00109625 -0.00493877 0.370177 0.928947
-11.9579 14.5086 0.362915 0.00117148 -0.00471712 0.364999 0.930995
-11.7707 14.5669 0.360727 0.00124347 -0.00442594 0.360075 0.932912
-11.5851 14.634 0.366833 0.00139303 -0.00415521 0.355178 0.934788
-11.4013 14.6934 0.370953 0.0010925 -0.00394512 0.35064 0.936501
-11.2185 14.7558 0.378165 0.000511191 -0.00365447 0.346106 0.938188
-11.0351 14.8151 0.386406 0.000311331 -0.00340087 0.341706 0.939801
-10.854 14.873 0.388273 0.000218161 -0.00319658 0.337351 0.941374
-10.6659 14.9234 0.381811 7.75353e-05 -0.00305157 0.33287 0.942968
-10.463 14.9758 0.377392 0.000149369 -0.00302277 0.327939 0.944694
-10.2633 15.0259 0.374046 0.000314149 -0.00290157 0.322978 0.946402
-10.055 15.071 0.371648 0.000406454 -0.00279257 0.317591 0.948224
-9.83731 15.1097 0.374047 0.000380971 -0.00289293 0.311763 0.950155
-9.61992 15.1516 0.381448 0.000290873 -0.00293678 0.30562 0.952149
-9.39988 15.1979 0.390395 0.000173256 -0.00291454 0.299228 0.954177
-9.17006 15.2288 0.404026 7.78169e-05 -0.00277637 0.292573 0.956239
-8.93221 15.2675 0.412411 -0.000193244 -0.00253684 0.285537 0.958364
-8.6885 15.2915 0.417896 -0.000202478 -0.00223782 0.278575 0.960412
-8.437 15.3142 0.411769 -0.000314372 -0.00199679 0.271096 0.96255
-8.18616 15.327 0.409761 -0.000239877 -0.00188328 0.263391 0.964687
-7.9297 15.3345 0.408157 -6.79291e-05 -0.00189754 0.255343 0.966849
-7.67219 15.3434 0.407061 0.000187551 -0.00200203 0.246958 0.969024
-7.40741 15.3358 0.403703 0.000366027 -0.0017997 0.238454 0.971152
-7.13922 15.3257 0.400343 0.000796327 -0.00145178 0.229263 0.973363
-6.86763 15.3118 0.392323 0.00105954 -0.00128346 0.219812 0.975541
-6.59491 15.2905 0.388776 0.00122655 -0.00126346 0.210259 0.977644
-6.31511 15.2551 0.384419 0.00143323 -0.00107791 0.200297 0.979734
-6.03768 15.2209 0.382884 0.00161852 -0.000669726 0.189858 0.98181
-5.75672 15.1767 0.383969 0.00176391 -0.000388248 0.179172 0.983816
-5.47715 15.1274 0.385547 0.00159955 -0.000172262 0.16791 0.985801
-5.19816 15.074 0.382913 0.00100137 5.25215e-05 0.156301 0.987709
-4.91315 15.004 0.384044 0.000753008 0.000418282 0.144334 0.989529
-4.6349 14.9269 0.380326 0.000697082 0.000656272 0.132066 0.99124
-4.35585 14.8306 0.375263 0.000840618 0.00100645 0.119601 0.992821
-4.08322 14.7269 0.368897 0.00118106 0.00138938 0.107131 0.994243
-3.8146 14.6137 0.3632 0.00159994 0.00168557 0.0943792 0.995534
-3.54533 14.4947 0.358078 0.00190859 0.00186347 0.0813668 0.996681
-3.28079 14.368 0.357807 0.00228484 0.00205997 0.0680468 0.997677
-3.02889 14.2422 0.355504 0.00227901 0.00225475 0.054244 0.998523
-2.77641 14.104 0.35489 0.00183415 0.0028536 0.0404154 0.999177
-2.51782 13.9521 0.357918 0.00163162 0.00339273 0.026384 0.999645
-2.27363 13.7945 0.365393 0.00162562 0.00359116 0.0124164 0.999915
-2.0346 13.6218 0.368882 0.00185117 0.00387911 -0.00182204 0.999989
-1.79952 13.4486 0.370733 0.00234541 0.0044139 -0.0163878 0.999853
-1.567 13.2578 0.385851 0.00289852 0.00511926 -0.0311111 0.999499
-1.34438 13.0613 0.410148 0.00373629 0.00595607 -0.0465435 0.998892
-1.12726 12.8752 0.403192 0.00359284 0.00629892 -0.0611825 0.9981
-0.918002 12.6778 0.395598 0.00343394 0.00669373 -0.0756019 0.99711
-0.71513 12.4748 0.387487 0.0035896 0.00716564 -0.0897071 0.995936
-0.513875 12.2644 0.382747 0.00391381 0.00739947 -0.103819 0.994561
-0.318421 12.0504 0.3806 0.00401036 0.00740358 -0.118037 0.992973
-0.126682 11.8277 0.368978 0.00363129 0.00772698 -0.132285 0.991175
0.0567346 11.6069 0.361785 0.00292472 0.00833501 -0.146595 0.989157
0.234567 11.3917 0.357224 0.00234843 0.00880872 -0.160689 0.986963
0.401891 11.1674 0.353563 0.00193577 0.0089034 -0.174769 0.984567
0.561823 10.9349 0.343968 0.00167523 0.00913001 -0.188736 0.981984
0.718358 10.6984 0.345406 0.00170934 0.00925982 -0.202271 0.979284
0.866391 10.4643 0.347933 0.00192581 0.00898924 -0.215654 0.976427
1.00911 10.2193 0.351433 0.00195856 0.00884026 -0.228877 0.973413
1.15146 9.97969 0.3437 0.00182673 0.00908228 -0.241437 0.970372
1.2941 9.73491 0.33954 0.00159314 0.0095456 -0.253408 0.967311
1.4243 9.49814 0.341108 0.00157216 0.00970474 -0.264889 0.964229
1.5435 9.25228 0.34123 0.00193606 0.00945255 -0.276122 0.961074
1.65998 8.99776 0.337057 0.00247337 0.00950252 -0.287183 0.957825
1.78096 8.74301 0.336981 0.00259765 0.00976482 -0.298218 0.954444
1.89427 8.49128 0.337771 0.00227315 0.00974259 -0.308692 0.951109
2.00921 8.23665 0.344165 0.00176522 0.00935889 -0.319114 0.947669
2.11535 7.97653 0.354455 0.00142132 0.00916698 -0.3291 0.944249
2.23051 7.71706 0.363124 0.000998105 0.00921229 -0.338722 0.940841
2.34411 7.45054 0.368209 0.00073482 0.0092499 -0.348066 0.937424
2.45406 7.18487 0.369079 0.00077054 0.00936209 -0.356943 0.934079
2.5612 6.90385 0.366551 0.00121035 0.00945852 -0.365685 0.93069
2.66408 6.62407 0.354229 0.00205131 0.00884881 -0.373999 0.927385
2.7729 6.34484 0.341961 0.00246684 0.00836961 -0.381776 0.924214
2.89209 6.06699 0.331581 0.00264834 0.00809955 -0.389004 0.921197
3.00492 5.78435 0.328321 0.00285423 0.00811005 -0.395197 0.918556
3.12246 5.50546 0.32798 0.0030009 0.00810086 -0.400681 0.916177
3.24463 5.2308 0.326293 0.00312541 0.00808537 -0.405081 0.91424
3.37771 4.9613 0.322851 0.00350561 0.00821952 -0.408366 0.912775
3.52692 4.68211 0.315271 0.00443997 0.00814918 -0.410413 0.911853
3.68611 4.39753 0.307468 0.00586189 0.0075279 -0.41155 0.911337
3.85585 4.11486 0.301091 0.00688736 0.00718791 -0.41207 0.911098
4.04119 3.82128 0.296336 0.00713905 0.00711619 -0.412668 0.910826
4.22984 3.53455 0.295169 0.00695932 0.00753507 -0.412691 0.910813
4.41979 3.24729 0.291197 0.00680382 0.00802188 -0.413258 0.910553
4.61732 2.95431 0.284466 0.00665865 0.00849604 -0.414069 0.910182
4.8164 2.66071 0.27425 0.0059103 0.00918976 -0.415942 0.909325
5.02171 2.36409 0.253545 0.0059276 0.00943493 -0.414102 0.910162
5.24308 2.06947 0.24089 0.00617508 0.0100371 -0.411536 0.911317
5.47109 1.77842 0.234654 0.00638954 0.0105526 -0.408302 0.912763
5.7026 1.48926 0.223986 0.00650923 0.010835 -0.404075 0.914638
5.94263 1.19973 0.213313 0.00711602 0.0107385 -0.399339 0.916713
6.19506 0.908075 0.196686 0.00818636 0.0103119 -0.394004 0.919014
6.45448 0.618008 0.187888 0.00928266 0.00994088 -0.388205 0.921473
6.72729 0.333144 0.180883 0.0100348 0.00980101 -0.381668 0.924193
7.00516 0.0595291 0.172321 0.0104697 0.00983841 -0.374539 0.9271
7.298 -0.202569 0.162339 0.0106177 0.00988908 -0.366942 0.930131
7.59838 -0.465384 0.154152 0.0107791 0.0100275 -0.358794 0.933301
7.90525 -0.720326 0.15081 0.0107541 0.0100046 -0.350446 0.936468
8.21203 -0.974112 0.152427 0.01077 0.00976778 -0.341678 0.939705
8.53406 -1.22142 0.154704 0.0104042 0.00937686 -0.332761 0.942907
8.85267 -1.45982 0.157596 0.01005 0.00905755 -0.323647 0.946081
9.17743 -1.695 0.157043 0.00989817 0.00868499 -0.31448 0.949173
9.50345 -1.92399 0.155052 0.0100577 0.00823731 -0.30509 0.952235
9.83377 -2.1425 0.150647 0.0105235 0.00771603 -0.295575 0.955231
10.1674 -2.36308 0.146155 0.0108751 0.00715032 -0.285856 0.958184
10.5078 -2.56546 0.139266 0.0107171 0.00681572 -0.276233 0.961007
10.8549 -2.75035 0.130583 0.0102851 0.00706422 -0.266723 0.963693
11.2078 -2.93225 0.128515 0.00941799 0.00744406 -0.257285 0.966261
11.5581 -3.10112 0.122384 0.0088494 0.00772896 -0.247679 0.968771
11.9113 -3.28207 0.113121 0.00866402 0.00780537 -0.238054 0.971182
12.2667 -3.45286 0.102982 0.00875672 0.00782856 -0.228545 0.973462
12.62 -3.60611 0.0891531 0.00876517 0.00789532 -0.219191 0.975611
12.9749 -3.76237 0.0838704 0.00871815 0.00797877 -0.209706 0.977693
13.3246 -3.92348 0.0795707 0.00859732 0.00798103 -0.200602 0.979603
13.6866 -4.07766 0.0773476 0.0084365 0.00791915 -0.19177 0.981372
14.0463 -4.21193 0.071345 0.00791522 0.00790695 -0.183651 0.982928
14.399 -4.34759 0.0662451 0.00710095 0.00791237 -0.176026 0.984328
14.7592 -4.48157 0.0603454 0.00687619 0.00780824 -0.166606 0.985969
15.1185 -4.59847 0.0575148 0.00672605 0.0077806 -0.157431 0.987476
15.4764 -4.70218 0.0523725 0.00648275 0.00773073 -0.148471 0.988865
15.8331 -4.80586 0.0510138 0.00641994 0.00773592 -0.139766 0.990134
16.1904 -4.90144 0.0466484 0.00642789 0.00772011 -0.1315 0.991265
16.5508 -5.0031 0.0395098 0.00646637 0.00771941 -0.123424 0.992303
16.9075 -5.10694 0.0297182 0.00640824 0.00776112 -0.115645 0.99324
17.2661 -5.19737 0.0268506 0.00603446 0.00770318 -0.108404 0.994059
17.6231 -5.28154 0.0210348 0.00567898 0.00791139 -0.101573 0.99478
17.9697 -5.36596 0.0151309 0.00548854 0.00824843 -0.0948372 0.995443
18.316 -5.43505 0.00456265 0.00538492 0.00847419 -0.0885203 0.996024
18.6507 -5.50309 -0.00354578 0.00565637 0.00837936 -0.0823569 0.996552
18.9831 -5.58035 -0.0149778 0.00616573 0.00845831 -0.0762596 0.997033
19.3122 -5.65193 -0.0263559 0.0065049 0.00861467 -0.0704858 0.997454
19.6356 -5.70819 -0.0300721 0.00658864 0.00861403 -0.0648357 0.997837
19.9583 -5.75641 -0.0258502 0.00621286 0.00844431 -0.0592517 0.998188
20.2803 -5.80015 -0.019215 0.00542624 0.00814347 -0.0536962 0.998509
20.5953 -5.84149 -0.0156055 0.004834 0.00785851 -0.0479314 0.998808
20.9141 -5.89684 -0.0184145 0.00494632 0.00798329 -0.0420521 0.999071
21.222 -5.93538 -0.0264427 0.00534859 0.00818056 -0.0363834 0.99929
21.534 -5.96962 -0.0359472 0.00588506 0.0083254 -0.0304526 0.999484
21.8463 -6.00263 -0.0447002 0.00655763 0.00817679 -0.0239998 0.999657
22.1643 -6.02958 -0.0590975 0.00715989 0.00813594 -0.0170458 0.999796
22.4848 -6.03689 -0.0710818 0.00782339 0.00824904 -0.00969928 0.999888
22.801 -6.0385 -0.0835867 0.00847207 0.00848274 -0.00171055 0.999927
23.119 -6.02411 -0.093783 0.00917514 0.00856094 0.0066763 0.999899
23.4414 -6.0072 -0.100304 0.00964221 0.00868559 0.0159376 0.999789
23.7575 -5.98133 -0.10017 0.00968289 0.00900646 0.0252492 0.999594
24.0706 -5.93423 -0.0998796 0.00938538 0.00912446 0.0354901 0.999284
24.3845 -5.87836 -0.104876 0.00892853 0.00909635 0.0463555 0.998844
24.6966 -5.80941 -0.107412 0.00874692 0.00907 0.0582077 0.998225
25.0079 -5.7246 -0.111456 0.00860991 0.00896222 0.0709854 0.9974
25.3179 -5.63541 -0.11656 0.00854695 0.00862622 0.0847106 0.996332
25.6401 -5.5572 -0.12257 0.00882343 0.00814182 0.0990105 0.995014
25.9408 -5.46574 -0.123971 0.00880223 0.00736075 0.114503 0.993357
26.2434 -5.37946 -0.138006 0.00855395 0.00635886 0.132662 0.991104
26.5434 -5.23795 -0.142043 0.00940039 0.00663942 0.145911 0.989231
26.8402 -5.07962 -0.147008 0.0104143 0.00705178 0.159874 0.987057
27.1234 -4.90006 -0.147475 0.0112509 0.00710093 0.174069 0.984644
27.4044 -4.71195 -0.146671 0.0115685 0.0069904 0.18886 0.981911
27.676 -4.50615 -0.144207 0.0118114 0.0069723 0.2043 0.978812
27.943 -4.28959 -0.139867 0.0122343 0.00709217 0.220352 0.975318
28.206 -4.0595 -0.139632 0.0124678 0.0071754 0.23665 0.971488
28.4569 -3.81982 -0.140885 0.0127337 0.00731473 0.253363 0.96726
28.6984 -3.57084 -0.141905 0.0128698 0.00726178 0.27034 0.962651
28.9354 -3.30825 -0.144903 0.0130869 0.00733738 0.287699 0.957603
29.1591 -3.03414 -0.1417 0.0132219 0.00745621 0.305282 0.952141
29.3736 -2.74634 -0.134817 0.0135695 0.00753584 0.323394 0.946137
29.5768 -2.45026 -0.132523 0.0141549 0.00762677 0.341817 0.939629
29.7672 -2.14165 -0.130723 0.0150301 0.00778118 0.360245 0.932704
29.9533 -1.8325 -0.126938 0.0155034 0.0077779 0.379004 0.925233
30.1137 -1.50895 -0.12169 0.0158215 0.00773849 0.397526 0.917422
30.2679 -1.17821 -0.128021 0.0159597 0.00786069 0.416144 0.909125
30.3998 -0.83718 -0.11797 0.0160157 0.0076554 0.434864 0.900321
30.5203 -0.492324 -0.113423 0.0161315 0.00746373 0.453315 0.891173
30.6301 -0.146606 -0.114539 0.0163053 0.00723678 0.471681 0.881589
30.7161 0.214336 -0.109542 0.0163493 0.007113 0.489797 0.871654
30.7905 0.575527 -0.104634 0.0163341 0.00686334 0.507857 0.861259
30.8466 0.939008 -0.100343 0.0166193 0.00620751 0.525734 0.850464
30.8923 1.30337 -0.0956406 0.0169324 0.00549111 0.543455 0.83925
30.9222 1.67302 -0.0845391 0.0171327 0.00488779 0.560832 0.827738
30.9343 2.04634 -0.0764705 0.0173643 0.00424195 0.578097 0.815772
30.9299 2.42406 -0.0731737 0.0176215 0.00373162 0.595127 0.80343
30.917 2.80923 -0.0649652 0.0178966 0.00327909 0.611853 0.790762
30.8868 3.18861 -0.0535405 0.0174471 0.00290152 0.629137 0.777093
30.8452 3.5736 -0.0456325 0.0168104 0.00236458 0.645997 0.763151
30.7889 3.96141 -0.0357675 0.0160525 0.00207132 0.662426 0.748953
30.7206 4.34909 -0.0264586 0.0154897 0.0017895 0.678338 0.734585
30.6384 4.74048 -0.0179391 0.0151448 0.00137908 0.693684 0.720119
30.5526 5.13715 -0.0146716 0.0148654 0.00141748 0.708292 0.705762
30.4555 5.5332 -0.00904421 0.0145211 0.0016743 0.721817 0.69193
30.352 5.92317 -0.0040112 0.0139083 0.00190602 0.734533 0.678428
30.2414 6.31748 0.0021829 0.0128016 0.00181714 0.746619 0.665127
30.1216 6.70614 0.0122695 0.0117709 0.0021109 0.757811 0.652365
29.9906 7.09143 0.0174289 0.0107875 0.00154813 0.768511 0.639743
29.8473 7.46883 0.0190438 0.0103553 0.00170383 0.77932 0.626538
29.6885 7.8478 0.0286806 0.0102651 0.00206213 0.789979 0.613045
29.5189 8.22556 0.0458374 0.0103856 0.0023801 0.800529 0.599199
29.3427 8.60086 0.0568205 0.0115766 0.00411469 0.810865 0.585105
29.1463 8.97004 0.0784483 0.0119729 0.00442068 0.820841 0.571014
28.9351 9.33938 0.0856495 0.0115593 0.00425742 0.830555 0.5568
28.7083 9.70288 0.0935469 0.0109392 0.00392576 0.839963 0.542519
28.4664 10.0559 0.11337 0.0105508 0.00343497 0.849131 0.528066
28.2154 10.4045 0.129819 0.010583 0.00284521 0.858102 0.513362
27.9548 10.7465 0.142959 0.0105468 0.00226955 0.866746 0.498633
27.682 11.0833 0.155928 0.010423 0.00215426 0.875049 0.483917
27.4004 11.4119 0.169128 0.0102455 0.00209318 0.882945 0.46936
27.0999 11.7288 0.186987 0.0101236 0.00201922 0.890583 0.454704
26.791 12.0364 0.201034 0.0101885 0.00207237 0.897918 0.440041
26.4726 12.338 0.212637 0.0101233 0.00208626 0.904936 0.425423
26.14 12.6296 0.22136 0.00999195 0.00202355 0.911626 0.410894
25.7896 12.8946 0.222625 0.00949561 0.00242901 0.918098 0.396233
25.4282 13.1444 0.211009 0.0089158 0.00260137 0.924407 0.381295
25.0733 13.4175 0.227657 0.00883519 0.00271603 0.930394 0.366445
24.7055 13.6799 0.242332 0.00901255 0.00251401 0.936225 0.351276
24.3348 13.9342 0.256457 0.00890314 0.00272588 0.941754 0.336173
23.9544 14.1718 0.261021 0.00888021 0.00256704 0.947024 0.32103
23.5696 14.3971 0.267146 0.00878724 0.00226774 0.952044 0.305826
23.1758 14.6108 0.257521 0.00871125 0.00217515 0.956833 0.290498
22.775 14.8104 0.24844 0.00850878 0.00228591 0.961343 0.275214
22.3724 15.0088 0.249002 0.00824928 0.00259223 0.965603 0.259878
21.9649 15.1877 0.260012 0.00786623 0.0029159 0.969621 0.244469
21.5512 15.3562 0.256259 0.00755312 0.00302264 0.973303 0.229379
21.1296 15.5095 0.251164 0.00680586 0.00267969 0.976682 0.214569
20.7069 15.641 0.265509 0.006098 0.00130891 0.979811 0.199827
20.2882 15.7584 0.273239 0.00571414 -0.000391164 0.982754 0.184828
19.8648 15.8688 0.276956 0.00539638 -0.000992566 0.98543 0.169994
19.4353 15.9712 0.27548 0.00506185 -0.00133106 0.987865 0.155226
19.0068 16.0597 0.289192 0.00475359 -0.00154605 0.990066 0.140517
18.5821 16.1406 0.307627 0.00436994 -0.00129113 0.992066 0.125639
18.151 16.2128 0.31132 0.00409555 -0.000860331 0.99378 0.111282
17.7217 16.2643 0.307378 0.00423495 -0.000854393 0.995249 0.0972656
17.2942 16.3079 0.324797 0.00428858 -0.000724822 0.996534 0.0830713
16.8621 16.3443 0.336357 0.00379889 -0.000304351 0.997606 0.069045
16.4319 16.3628 0.325426 0.00378192 -0.000416882 0.998463 0.0552972
16.006 16.3684 0.345484 0.00346525 -0.000430539 0.999125 0.0416798
15.5799 16.3629 0.362936 0.00356793 -0.000350783 0.9996 0.0280612
15.1557 16.3463 0.356594 0.00388871 -0.000637722 0.999887 0.0144946
14.7436 16.3201 0.346742 0.00399783 -0.000816047 0.999991 0.0011473
14.4 16.2903 0.342731 0.00428943 -0.000768243 0.999914 -0.0123366
13.8846 16.2328 0.338462 0.00486663 -0.000455535 0.999661 -0.0255888
13.4684 16.1803 0.335789 0.00450304 -0.00033899 0.999225 -0.0391098
13.0511 16.1171 0.340796 0.00412926 0.000130094 0.998612 -0.0524989
12.634 16.0437 0.340292 0.003894 0.000574674 0.997831 -0.0657033
12.2225 15.9613 0.342459 0.00364348 0.000921969 0.996883 -0.0788047
11.8116 15.8641 0.345209 0.00348971 0.00100999 0.995777 -0.0917346
11.4035 15.752 0.34496 0.00327896 0.000647725 0.994476 -0.104912
10.9901 15.626 0.346861 0.00292658 -0.000151362 0.992987 -0.118186
10.5839 15.4898 0.351939 0.00264944 -0.000851907 0.991303 -0.131574
10.1754 15.3415 0.362026 0.0025298 -0.000940189 0.989411 -0.145115
9.76859 15.1834 0.364574 0.00281275 -0.000955327 0.987327 -0.158671
9.36153 15.0143 0.370535 0.00283773 -0.000945738 0.985043 -0.172285
8.96367 14.8324 0.377329 0.00260203 -0.00147678 0.98254 -0.186026
8.56238 14.6348 0.387308 0.00229315 -0.00182484 0.979861 -0.199659
8.16479 14.4305 0.395122 0.00213729 -0.0018991 0.977025 -0.213104
7.7749 14.2189 0.399873 0.00211373 -0.00175702 0.974054 -0.226298
7.38918 13.9959 0.401879 0.00210348 -0.00155642 0.970942 -0.2393
6.99713 13.7606 0.400105 0.0020007 -0.00160899 0.967694 -0.252113
6.6136 13.5174 0.397437 0.00157726 -0.00172204 0.964293 -0.264828
6.23699 13.2614 0.395326 0.00122304 -0.0018413 0.960698 -0.277589
5.86428 12.9963 0.394422 0.00081091 -0.00188803 0.957055 -0.289899
5.4978 12.7213 0.393158 0.000363771 -0.00198109 0.953335 -0.301908
5.13011 12.4418 0.390614 -9.5346e-05 -0.00222129 0.949632 -0.31336
4.77078 12.1533 0.387284 -0.000333755 -0.00259697 0.945949 -0.324304
4.41908 11.8607 0.386044 -0.000729957 -0.00269704 0.94225 -0.334899
4.07497 11.5684 0.382858 -0.0012529 -0.00268274 0.93856 -0.345103
3.74357 11.2727 0.384467 -0.00184865 -0.00248769 0.935162 -0.354206
3.42416 10.9848 0.381972 -0.00231888 -0.00272346 0.932111 -0.362156
3.06891 10.6718 0.378689 -0.00203832 -0.0035137 0.929263 -0.369398
2.70966 10.3638 0.377872 -0.0020797 -0.00444465 0.926739 -0.375673
2.35243 10.0639 0.375474 -0.00232486 -0.0047115 0.924494 -0.381161
1.98725 9.76458 0.370568 -0.00270389 -0.00480636 0.922671 -0.385549
1.62056 9.47324 0.361872 -0.00317292 -0.00484774 0.921124 -0.389227
1.24819 9.18006 0.357657 -0.00318706 -0.00477965 0.919864 -0.392196
0.885517 8.88667 0.359899 -0.00288232 -0.00516881 0.918709 -0.394891
0.511417 8.58772 0.363838 -0.00273479 -0.00580041 0.91777 -0.397061
0.141352 8.29287 0.366602 -0.00314683 -0.00643303 0.916847 -0.399175
-0.223147 7.99957 0.368312 -0.00342141 -0.00647002 0.9159 -0.401341
-0.586229 7.71129 0.368628 -0.00264663 -0.00587301 0.915092 -0.403193
-0.951464 7.4258 0.368394 -0.00172303 -0.00487202 0.914328 -0.404942
-1.32652 7.13768 0.349301 -0.00201604 -0.00472984 0.913938 -0.405822
-1.69975 6.85415 0.340636 -0.0033619 -0.0054695 0.913828 -0.40605
-2.06171 6.5748 0.341034 -0.00401717 -0.00606597 0.913866 -0.405951
-2.4194 6.30125 0.352497 -0.00328621 -0.00688246 0.913971 -0.405707
-2.78153 6.02658 0.359954 -0.00284478 -0.00702189 0.91399 -0.405666
-3.14473 5.75292 0.348735 -0.00288694 -0.00708946 0.914109 -0.405395
-3.51278 5.48158 0.349723 -0.00331751 -0.0072363 0.914551 -0.404393
-3.87469 5.21295 0.358076 -0.00321621 -0.00759139 0.914977 -0.403421
-4.24325 4.94973 0.370669 -0.00261317 -0.00788117 0.915455 -0.402334
-4.6053 4.68576 0.358255 -0.0011893 -0.00858075 0.916092 -0.400874
-4.97922 4.42713 0.335941 -0.000506464 -0.00942732 0.916815 -0.399202
-5.34816 4.16879 0.324754 -0.00116971 -0.00990907 0.917527 -0.397548
-5.71737 3.91386 0.323836 -0.00155534 -0.00986703 0.918475 -0.395353
-6.07883 3.6679 0.31906 -0.00064583 -0.00979218 0.919758 -0.392362
-6.45133 3.42893 0.30828 -0.000530644 -0.00983309 0.920786 -0.389943
-6.83076 3.18998 0.296247 -0.00140431 -0.0111308 0.922078 -0.386841
-7.20683 2.96165 0.307182 -0.0032371 -0.0125055 0.923516 -0.383343
-7.5809 2.74673 0.313118 -0.00405492 -0.0128715 0.925142 -0.379382
-7.95223 2.54433 0.310722 -0.00413301 -0.0133451 0.926962 -0.374896
-8.31723 2.35951 0.311996 -0.00358308 -0.0136608 0.92895 -0.369936
-8.67077 2.18527 0.314512 -0.00315303 -0.013946 0.931028 -0.364668
-9.02766 2.0224 0.31591 -0.00334691 -0.0149268 0.933272 -0.358845
-9.37674 1.87484 0.325731 -0.00323621 -0.0154756 0.935634 -0.352619
-9.71831 1.74479 0.332439 -0.00257935 -0.0163353 0.938283 -0.345473
-10.0521 1.62537 0.336719 -0.00184208 -0.0171735 0.941048 -0.337833
-10.3909 1.52265 0.336439 -0.00182434 -0.0171995 0.943887 -0.329816
-10.7281 1.43432 0.338564 -0.00182704 -0.0170367 0.946836 -0.32126
-11.0626 1.36473 0.347178 -0.00145866 -0.0163793 0.94991 -0.312089
-11.3962 1.30744 0.337455 -0.000508068 -0.0159861 0.95315 -0.302074
-11.7312 1.26006 0.343265 -5.27081e-05 -0.0156832 0.956416 -0.291586
-12.0667 1.22396 0.337955 2.19959e-05 -0.0155511 0.959596 -0.280951
-12.4001 1.19615 0.335147 -0.000318578 -0.015583 0.962755 -0.269927
-12.7305 1.17955 0.333371 -0.000603194 -0.0158429 0.965874 -0.258527
-13.0592 1.17124 0.33774 -0.000395496 -0.0167311 0.968972 -0.246603
-13.389 1.175 0.345282 8.76582e-05 -0.0178112 0.97199 -0.234345
-13.7114 1.18997 0.348277 0.000278475 -0.0183252 0.974949 -0.221671
-14.0391 1.21885 0.350186 0.000110751 -0.0182397 0.977784 -0.208821
-14.3712 1.26315 0.355995 5.48117e-05 -0.0177117 0.98059 -0.195268
-14.6886 1.32125 0.357285 0.000249645 -0.0167758 0.983246 -0.181508
-15.0065 1.39304 0.357635 0.000214033 -0.016115 0.985729 -0.167566
-15.3229 1.47239 0.36123 0.000195739 -0.0158196 0.988065 -0.153225
-15.6356 1.56086 0.364893 4.00493e-05 -0.0157698 0.990247 -0.138429
-15.9376 1.65984 0.366217 2.61104e-05 -0.01593 0.992248 -0.123245
-16.2446 1.76636 0.361441 -0.000252463 -0.0163322 0.994033 -0.107851
-16.5481 1.87978 0.359315 -0.000676365 -0.0166294 0.995556 -0.0926873
-16.8523 2.00897 0.360834 -0.00106868 -0.0166936 0.996886 -0.0770669
-17.1565 2.13679 0.355057 -0.00123852 -0.0168602 0.997971 -0.061391
-17.4584 2.27123 0.351533 -0.00137674 -0.0169187 0.998822 -0.045469
-17.8245 2.42812 0.348926 -0.00162413 -0.0165536 0.999427 -0.0294681
-18.0812 2.60474 0.341877 -0.00221775 -0.0157758 0.999788 -0.0130138
-18.3315 2.79467 0.339809 -0.00257586 -0.015092 0.999877 0.00349902
-18.5667 2.98774 0.336626 -0.00256404 -0.0148711 0.999677 0.0204348
-18.7877 3.18966 0.334844 -0.00261629 -0.0150893 0.999164 0.0379105
-18.998 3.39818 0.345665 -0.00272424 -0.0153815 0.998335 0.0555349
-19.2014 3.61589 0.354415 -0.00262313 -0.0154127 0.997215 0.0729243
-19.3867 3.83875 0.357037 -0.00254416 -0.0153674 0.995803 0.0901848
-19.5646 4.06975 0.354036 -0.00276808 -0.0150695 0.994084 0.107524
-19.7275 4.30509 0.35265 -0.00284421 -0.0148578 0.99206 0.124851
-19.8748 4.53687 0.353707 -0.00271848 -0.014714 0.98974 0.142096
-20.0082 4.77383 0.348915 -0.00271736 -0.0147735 0.987108 0.159349
-20.129 5.01507 0.345625 -0.00276767 -0.0147392 0.984177 0.17655
-20.2427 5.26193 0.339453 -0.00279891 -0.0147015 0.980879 0.194044
-20.3476 5.51426 0.325273 -0.00359473 -0.0138082 0.977275 0.211493
-20.4399 5.76238 0.322693 -0.00474448 -0.0133927 0.973311 0.229051
-20.5191 6.01314 0.322525 -0.00566984 -0.0131074 0.969095 0.246276
-20.5821 6.26605 0.319178 -0.00585639 -0.0130234 0.964621 0.263255
-20.6356 6.51847 0.321328 -0.0059295 -0.013173 0.959745 0.280501
-20.6754 6.77033 0.317478 -0.00608293 -0.0134477 0.954507 0.297823
-20.7055 7.01933 0.321617 -0.00608513 -0.0134502 0.949011 0.314897
-20.7285 7.26531 0.330709 -0.00606524 -0.0133619 0.943354 0.331464
-20.7447 7.51618 0.334803 -0.00609124 -0.0133728 0.937469 0.347759
-20.7463 7.76257 0.334749 -0.00612945 -0.013337 0.931296 0.363968
-20.7424 8.00316 0.333005 -0.00608569 -0.0131398 0.92488 0.379982
-20.7259 8.2432 0.333437 -0.00593903 -0.0131034 0.918262 0.395711
-20.7024 8.47664 0.339842 -0.00572895 -0.0132171 0.911447 0.411165
-20.6745 8.70438 0.344187 -0.00564308 -0.0135806 0.904398 0.426436
-20.6374 8.92328 0.350772 -0.00556551 -0.0139941 0.897134 0.441501
-20.5969 9.13368 0.358632 -0.00563362 -0.0146453 0.889686 0.456304
-20.5441 9.3355 0.373086 -0.00577681 -0.0159167 0.88209 0.470776
-20.482 9.52773 0.377127 -0.0059863 -0.0172657 0.874301 0.48504
-20.4199 9.73916 0.38258 -0.00569893 -0.0171782 0.866643 0.498601
-20.3452 9.94678 0.385751 -0.00523661 -0.0169919 0.85884 0.511935
-20.2686 10.1503 0.383834 -0.00482059 -0.0167652 0.850805 0.525192
-20.1899 10.3474 0.38995 -0.00445669 -0.0166486 0.842595 0.538272
-20.1068 10.5364 0.397932 -0.00416071 -0.016391 0.83443 0.550855
-20.0164 10.7269 0.402301 -0.00385697 -0.0161996 0.826087 0.563296
-19.9202 10.9112 0.408977 -0.00361401 -0.0161469 0.81759 0.575563
-19.8164 11.0904 0.415692 -0.0035188 -0.0163099 0.808724 0.587951
-19.7157 11.2628 0.420868 -0.00357749 -0.016444 0.800064 0.599679
-19.6141 11.439 0.427721 -0.00364305 -0.0165336 0.791276 0.611225
-19.5036 11.6043 0.434237 -0.00377214 -0.0169618 0.782403 0.62253
-19.3926 11.7714 0.431834 -0.00429397 -0.0170704 0.773294 0.633803
-19.278 11.9335 0.423864 -0.00501374 -0.0167536 0.764122 0.644835
-19.158 12.087 0.426359 -0.00506194 -0.0164867 0.754997 0.655501
-19.0303 12.2388 0.43056 -0.00473509 -0.0161808 0.745752 0.66601
-18.8906 12.3822 0.434711 -0.00432788 -0.0159032 0.736231 0.676529
-18.7523 12.5203 0.436583 -0.0038982 -0.0155896 0.726682 0.686786
-18.6116 12.6569 0.434656 -0.00360952 -0.0152338 0.71704 0.696856
-18.4662 12.7939 0.437937 -0.0034107 -0.0149704 0.707216 0.706831
-18.3195 12.9183 0.44339 -0.00330232 -0.0147961 0.697473 0.716451
-18.1729 13.0402 0.448811 -0.00319208 -0.0146581 0.687594 0.72594
-18.0256 13.1544 0.453539 -0.00309924 -0.0146186 0.677564 0.735312
-17.8782 13.2661 0.45654 -0.00291692 -0.0144949 0.66758 0.744391
-17.722 13.3772 0.457624 -0.00269877 -0.0143239 0.657548 0.753271
-17.5653 13.4786 0.456779 -0.00247289 -0.0141783 0.647453 0.761969
-17.4057 13.5713 0.453909 -0.00225796 -0.0139346 0.63727 0.770511
-17.2471 13.6614 0.450449 -0.00206425 -0.0135735 0.627026 0.778877
-17.0869 13.7479 0.44682 -0.0019232 -0.0133901 0.616793 0.787009
-16.9223 13.8279 0.443809 -0.00182939 -0.0132811 0.606456 0.795004
-16.7522 13.9076 0.447624 -0.0016608 -0.0131302 0.595865 0.802976
-16.5871 13.9832 0.45279 -0.0015465 -0.0128607 0.585195 0.810789
-16.4143 14.0557 0.456016 -0.00140312 -0.0125629 0.574297 0.81855
-16.2415 14.1223 0.454948 -0.00133657 -0.0123642 0.563303 0.826157
-16.0692 14.1876 0.457523 -0.00124825 -0.0121896 0.552141 0.833661
-15.8914 14.2511 0.464424 -0.00120162 -0.0120013 0.540674 0.841146
-15.7075 14.3082 0.471715 -0.00129144 -0.0116349 0.529144 0.848452
-15.5172 14.3589 0.477895 -0.00131179 -0.0109342 0.517235 0.855772
-15.3084 14.4113 0.47951 -0.00127745 -0.0100436 0.504657 0.863261
-15.1135 14.4478 0.473882 -0.00119567 -0.00974626 0.492617 0.870191
-14.9218 14.4865 0.474416 -0.00114432 -0.00945734 0.480494 0.876946
-14.7216 14.5225 0.478874 -0.00140115 -0.00915516 0.467944 0.88371
-14.523 14.5526 0.483475 -0.00169871 -0.00891616 0.455188 0.890349
-14.3115 14.5766 0.481239 -0.00174446 -0.00860937 0.442267 0.89684
-14.1019 14.5865 0.469154 -0.00151786 -0.00800763 0.429748 0.902912
-13.8927 14.5963 0.472961 0.000692816 -0.00650904 0.417617 0.908599
-13.6895 14.5942 0.472662 0.00318481 -0.00506867 0.405884 0.913905
-13.4881 14.6052 0.478914 0.00560922 -0.00371461 0.394367 0.918928
-13.2867 14.6088 0.468456 0.00650715 -0.00297627 0.383446 0.923535
-13.0909 14.6238 0.45801 0.00657581 -0.00274299 0.372965 0.927818
-12.8944 14.6488 0.454989 0.0064674 -0.00262939 0.363056 0.931741
-12.6968 14.6753 0.461763 0.00646658 -0.00241747 0.353681 0.935341
-12.5168 14.706 0.46866 0.00645792 -0.00235065 0.345353 0.938448
-12.3244 14.737 0.475668 0.00639106 -0.00247072 0.337616 0.941259
-12.1317 14.7752 0.469254 0.00631793 -0.00240709 0.330354 0.943833
-11.9399 14.8117 0.460749 0.00639364 -0.00204674 0.324089 0.946003
-11.7592 14.8456 0.454424 0.00646361 -0.00173064 0.318708 0.947829
-11.5724 14.885 0.449626 0.00640599 -0.00153243 0.313536 0.949553
-11.3753 14.9276 0.443319 0.00643473 -0.00120245 0.308449 0.951218
-11.1962 14.9628 0.439314 0.0065157 -0.000846354 0.303782 0.952719
-11.0171 15.0001 0.438561 0.00651131 -0.000594215 0.299117 0.954194
-10.8282 15.0431 0.440505 0.00626426 -0.000522539 0.294016 0.95578
-10.648 15.0776 0.444294 0.0061048 -0.000475489 0.289307 0.957217
-10.464 15.1042 0.448815 0.0060865 -0.000327921 0.284518 0.958651
-10.287 15.1363 0.456126 0.00611703 -0.000289694 0.279683 0.960073
-10.1108 15.1723 0.45677 0.00617353 -0.000317177 0.274906 0.961451
-9.93238 15.1942 0.457116 0.00627601 -0.000226585 0.270241 0.962772
-9.75686 15.2162 0.455031 0.00638059 -0.000141945 0.265668 0.964043
-9.59128 15.2384 0.452089 0.00637016 -2.74015e-06 0.261337 0.965227
-9.4309 15.2579 0.449379 0.00637616 0.000160507 0.257096 0.966365
-9.27515 15.2682 0.449693 0.00641169 0.000353154 0.253027 0.967438
-9.12503 15.2852 0.447382 0.0063116 0.000556162 0.249138 0.968447
-8.98767 15.3063 0.445697 0.00631118 0.000820952 0.245429 0.969394
-8.85974 15.3078 0.445868 0.00629096 0.000934851 0.242183 0.97021
-8.74301 15.3156 0.441936 0.00615936 0.00102988 0.239138 0.970965
-8.62598 15.3259 0.436109 0.00616185 0.00114501 0.236139 0.971699
-8.52484 15.3301 0.433504 0.00632222 0.0012863 0.233485 0.972339
-8.42717 15.3368 0.431088 0.00637573 0.00137947 0.230887 0.972959
-8.33715 15.3388 0.427906 0.00641652 0.001302 0.228658 0.973485
-8.25923 15.3417 0.42748 0.00648949 0.00124429 0.226654 0.973953
-8.1847 15.3491 0.427261 0.00656528 0.00121147 0.224768 0.974389
-8.10917 15.3544 0.428598 0.00668705 0.00119399 0.222737 0.974855
-8.04837 15.3594 0.422349 0.00680994 0.00118686 0.221104 0.975226
-7.98242 15.354 0.416924 0.0069887 0.00116756 0.219679 0.975547
-7.92867 15.357 0.414562 0.00716966 0.00105023 0.218288 0.975858
-7.88192 15.3614 0.418476 0.00726736 0.000975689 0.217037 0.976136
-7.83786 15.3631 0.421748 0.00726647 0.000916294 0.215868 0.976395
-7.80616 15.3617 0.42393 0.00725641 0.000874811 0.215087 0.976568
-7.77846 15.3632 0.421372 0.00723415 0.000909478 0.214339 0.976732
-7.75586 15.3629 0.420149 0.00729004 0.000931258 0.213902 0.976828
-7.73963 15.3663 0.416447 0.00728897 0.000902841 0.213343 0.97695
-7.73393 15.3721 0.41556 0.00735475 0.000933061 0.213009 0.977022
-7.7352 15.373 0.414021 0.00736282 0.000927799 0.213159 0.976989
-7.74116 15.3693 0.416799 0.00733355 0.000797301 0.21341 0.976935
