3 1664506800.934855 587059.669131 4141623.589032 1.429652 0.013948 0.002756 -0.792500 0.609708
4 1664506801.034854 587059.669131 4141623.589032 1.429652 0.013948 0.002756 -0.792500 0.609708
5 1664506801.134854 587059.669131 4141623.589032 1.429652 0.013948 0.002756 -0.792500 0.609708
6 1664506801.234854 587059.669131 4141623.589032 1.429652 0.013948 0.002756 -0.792500 0.609708
7 1664506801.334854 587059.669131 4141623.589032 1.429652 0.013948 0.002756 -0.792500 0.609708
8 1664506801.434854 587059.669131 4141623.589032 1.429652 0.013948 0.002756 -0.792500 0.609708
9 1664506801.534854 587059.669131 4141623.589032 1.429652 0.013948 0.002756 -0.792500 0.609708
10 1664506801.624854 587059.669131 4141623.589032 1.429652 0.013948 0.002756 -0.792500 0.609708
11 1664506801.704854 587059.669131 4141623.589032 1.429652 0.013948 0.002756 -0.792500 0.609708
12 1664506801.804854 587059.669131 4141623.589032 1.429652 0.013948 0.002756 -0.792500 0.609708
13 1664506801.884854 587059.666336 4141623.578767 1.429156 0.013716 0.002579 -0.792504 0.609707
14 1664506801.984854 587059.654872 4141623.536427 1.427556 0.013279 0.002217 -0.792501 0.609721
15 1664506802.084853 587059.634153 4141623.459447 1.425109 0.012942 0.001920 -0.792510 0.609720
16 1664506802.184853 587059.602425 4141623.340687 1.421645 0.012625 0.001662 -0.792512 0.609726
17 1664506802.284853 587059.558503 4141623.175919 1.417073 0.012379 0.001466 -0.792511 0.609732
18 1664506802.384853 587059.502017 4141622.963848 1.411352 0.012215 0.001333 -0.792508 0.609739
19 1664506802.484853 587059.432677 4141622.703415 1.404428 0.012108 0.001242 -0.792501 0.609748
20 1664506802.584853 587059.350212 4141622.393603 1.396244 0.012036 0.001174 -0.792497 0.609757
21 1664506802.684853 587059.254366 4141622.033410 1.386759 0.011983 0.001120 -0.792489 0.609767
22 1664506802.784853 587059.144871 4141621.621825 1.375939 0.011940 0.001072 -0.792480 0.609779
23 1664506802.884853 587059.021478 4141621.157902 1.363752 0.011904 0.001027 -0.792473 0.609791
24 1664506802.984853 587058.884258 4141620.640354 1.350474 0.011855 0.001067 -0.792456 0.609813
25 1664506803.084852 587058.734021 4141620.067390 1.335185 0.011802 0.001477 -0.792431 0.609847
26 1664506803.184852 587058.566164 4141619.440915 1.318066 0.012131 0.001314 -0.792405 0.609874
27 1664506803.284852 587058.382420 4141618.758999 1.299475 0.012518 0.000951 -0.792367 0.609917
28 1664506803.384852 587058.185902 4141618.021008 1.280195 0.012454 0.000765 -0.792340 0.609951
29 1664506803.484852 587057.977283 4141617.226686 1.259210 0.011850 0.000800 -0.792355 0.609946
30 1664506803.584852 587057.750526 4141616.376057 1.236182 0.011645 0.000280 -0.792347 0.609961
31 1664506803.684852 587057.507758 4141615.467143 1.212183 0.011623 -0.000172 -0.792331 0.609983
32 1664506803.784852 587057.251112 4141614.498692 1.187863 0.011585 -0.000162 -0.792318 0.609997
33 1664506803.884852 587056.985428 4141613.494477 1.163381 0.012029 0.000303 -0.792309 0.610004
34 1664506803.984852 587056.719713 4141612.488817 1.139237 0.012651 0.000986 -0.792300 0.609998
35 1664506804.084852 587056.449092 4141611.458498 1.112842 0.012825 0.001706 -0.792288 0.610008
36 1664506804.164851 587056.220498 4141610.593846 1.089647 0.012899 0.001854 -0.792282 0.610017
37 1664506804.264852 587055.929032 4141609.461599 1.059142 0.013897 0.001078 -0.787872 0.615684
38 1664506804.364851 587055.657255 4141608.295548 1.025623 0.015748 -0.000298 -0.776408 0.630035
39 1664506804.464851 587055.416647 4141607.095359 0.990108 0.017164 -0.000196 -0.765291 0.643458
40 1664506804.564851 587055.198198 4141605.843516 0.956688 0.015718 0.000206 -0.760248 0.649443
41 1664506804.664851 587054.989290 4141604.546968 0.924554 0.011759 -0.001189 -0.758826 0.651186
42 1664506804.764851 587054.781439 4141603.185540 0.890923 0.008717 -0.001521 -0.758395 0.651736
43 1664506804.864851 587054.566912 4141601.749866 0.867069 0.007857 -0.000294 -0.758313 0.651843
44 1664506804.964851 587054.343534 4141600.258471 0.841262 0.006993 0.000230 -0.758284 0.651886
45 1664506805.054851 587054.135353 4141598.867524 0.819422 0.005617 0.000045 -0.758261 0.651928
46 1664506805.154850 587053.895481 4141597.277263 0.799683 0.002604 -0.002015 -0.758223 0.651987
47 1664506805.254850 587053.648730 4141595.621930 0.785597 0.000564 -0.002428 -0.758073 0.652165
48 1664506805.354850 587053.393754 4141593.892504 0.775683 0.001315 0.000165 -0.757838 0.652441
49 1664506805.454850 587053.131489 4141592.102275 0.760579 0.002420 0.003237 -0.757767 0.652514
50 1664506805.554850 587052.859642 4141590.263608 0.736990 0.002046 0.004011 -0.757853 0.652412
51 1664506805.654850 587052.577323 4141588.379190 0.713108 -0.000014 0.002339 -0.757829 0.652448
52 1664506805.754850 587052.283631 4141586.435120 0.695618 -0.001213 0.000778 -0.757824 0.652458
53 1664506805.854850 587051.976209 4141584.441560 0.685976 -0.002834 0.001516 -0.763605 0.645676
54 1664506805.954850 587051.647972 4141582.424257 0.679515 -0.002809 0.002336 -0.769598 0.638519
55 1664506806.044850 587051.333944 4141580.598504 0.669480 -0.000077 0.004744 -0.771878 0.635754
56 1664506806.144850 587050.962080 4141578.567575 0.648187 0.005071 0.008125 -0.772992 0.634342
57 1664506806.324849 587050.268099 4141574.977062 0.577459 0.006421 0.006940 -0.774374 0.632659
58 1664506806.424849 587049.871539 4141572.991588 0.538890 0.006573 0.006278 -0.774652 0.632325
59 1664506806.524849 587049.467963 4141571.001921 0.498533 0.008226 0.006777 -0.774744 0.632187
60 1664506806.594849 587049.183364 4141569.609434 0.468489 0.009722 0.007421 -0.774767 0.632127
61 1664506806.674849 587048.858728 4141568.025651 0.429579 0.010416 0.007451 -0.774804 0.632073
62 1664506806.774849 587048.453624 4141566.051960 0.378666 0.010612 0.007171 -0.774837 0.632031
63 1664506806.874849 587048.044209 4141564.086644 0.328419 0.009851 0.008105 -0.779202 0.626644
64 1664506806.974849 587047.628556 4141562.135570 0.282220 0.007650 0.007834 -0.783807 0.620910
65 1664506807.074849 587047.199626 4141560.199240 0.243578 0.004068 0.005834 -0.785846 0.618379
66 1664506807.154849 587046.841690 4141558.645196 0.221093 0.003036 0.005429 -0.786460 0.617611
67 1664506807.254848 587046.376676 4141556.695844 0.195992 0.004712 0.005945 -0.786727 0.617255
68 1664506807.354849 587045.904410 4141554.749847 0.164952 0.006795 0.006610 -0.786841 0.617085
69 1664506807.454848 587045.433028 4141552.816516 0.130540 0.007104 0.006404 -0.786857 0.617061
70 1664506807.544848 587045.008326 4141551.078795 0.097177 0.005737 0.005151 -0.786875 0.617065
71 1664506807.644848 587044.525345 4141549.117143 0.064869 0.005373 0.004002 -0.786869 0.617082
72 1664506807.744848 587044.032911 4141547.117964 0.032069 0.005923 0.003699 -0.786836 0.617121
73 1664506807.844848 587043.531479 4141545.081156 -0.003026 0.006615 0.003637 -0.786797 0.617164
74 1664506808.044848 587042.505614 4141540.892240 -0.080869 0.006097 0.003329 -0.786697 0.617301
75 1664506808.134848 587042.034618 4141538.952285 -0.116026 0.005408 0.003765 -0.786638 0.617379
76 1664506808.234848 587041.503599 4141536.755957 -0.155021 0.004656 0.004661 -0.786600 0.617426
77 1664506808.334847 587040.961570 4141534.517369 -0.195239 0.004312 0.005521 -0.786569 0.617462
78 1664506808.434847 587040.407429 4141532.239236 -0.237385 0.004154 0.005784 -0.786529 0.617515
79 1664506808.534847 587039.844856 4141529.921647 -0.279934 0.003567 0.005985 -0.786466 0.617595
80 1664506808.624847 587039.329952 4141527.799557 -0.318277 0.003333 0.006382 -0.786426 0.617642
81 1664506808.724847 587038.748283 4141525.402706 -0.361779 0.003207 0.006815 -0.786380 0.617696
82 1664506808.824847 587038.154890 4141522.967917 -0.406305 0.003079 0.006515 -0.786350 0.617739
83 1664506808.924847 587037.551328 4141520.494613 -0.449939 0.002811 0.005874 -0.786298 0.617812
84 1664506809.024847 587036.938695 4141517.979739 -0.491750 0.002705 0.005599 -0.786243 0.617888
85 1664506809.114847 587036.377851 4141515.689581 -0.528073 0.001759 0.007254 -0.791032 0.611729
86 1664506809.194847 587035.866645 4141513.645625 -0.561090 0.001747 0.008217 -0.796312 0.604827
87 1664506809.294847 587035.211001 4141511.099538 -0.602540 0.001735 0.008825 -0.799996 0.599938
88 1664506809.394846 587034.526939 4141508.553741 -0.643050 0.001399 0.009523 -0.801846 0.597456
89 1664506809.484846 587033.879574 4141506.249712 -0.679913 0.001266 0.009076 -0.802684 0.596336
90 1664506809.584846 587033.131639 4141503.674331 -0.720144 0.001379 0.007751 -0.803116 0.595770
91 1664506809.684846 587032.361486 4141501.076963 -0.758749 0.001995 0.006664 -0.803243 0.595613
92 1664506809.784846 587031.578650 4141498.455259 -0.797521 0.002480 0.006516 -0.803213 0.595651
93 1664506809.884846 587030.784643 4141495.810370 -0.838680 0.002981 0.006645 -0.803170 0.595707
94 1664506809.984846 587029.977811 4141493.144776 -0.882765 0.003704 0.006025 -0.803107 0.595794
95 1664506810.084846 587029.168592 4141490.455281 -0.928775 0.005385 0.003669 -0.797189 0.603694
96 1664506810.164846 587028.534345 4141488.282618 -0.966883 0.008622 0.000196 -0.783058 0.621890
97 1664506810.264846 587027.793172 4141485.550258 -1.015000 0.013328 -0.004647 -0.760256 0.649471
98 1664506810.364846 587027.157638 4141482.823284 -1.058872 0.016313 -0.009662 -0.742775 0.669271
99 1664506810.464845 587026.663557 4141480.094227 -1.093461 0.017994 -0.011915 -0.734177 0.678616
100 1664506810.564845 587026.302854 4141477.361587 -1.122206 0.017008 -0.009644 -0.730513 0.682618
101 1664506810.664845 587026.035510 4141474.632136 -1.151030 0.013584 -0.004967 -0.728659 0.684725
102 1664506810.764845 587025.822257 4141471.907300 -1.182906 0.009810 -0.000011 -0.727608 0.685922
103 1664506810.854845 587025.654851 4141469.459815 -1.214489 0.007160 0.003564 -0.726964 0.686628
104 1664506810.954845 587025.479193 4141466.754077 -1.251606 0.003585 0.007528 -0.732584 0.680626
105 1664506811.124845 587025.140540 4141462.205592 -1.313277 -0.005882 0.017106 -0.766156 0.642401
106 1664506811.224845 587024.849874 4141459.550490 -1.348595 -0.010031 0.022397 -0.780449 0.624737
107 1664506811.324845 587024.454232 4141456.922527 -1.383911 -0.012793 0.025832 -0.787898 0.615133
108 1664506811.424845 587023.959395 4141454.324580 -1.417815 -0.014142 0.027320 -0.791445 0.610464
109 1664506811.524844 587023.385807 4141451.749601 -1.450706 -0.013353 0.027174 -0.793046 0.608411
110 1664506811.604844 587022.889459 4141449.706841 -1.477228 -0.012299 0.025643 -0.793884 0.607406
111 1664506811.704844 587022.240850 4141447.166626 -1.509382 -0.010734 0.023463 -0.794503 0.606711
112 1664506811.804844 587021.573585 4141444.637280 -1.540497 -0.009103 0.021476 -0.794857 0.606349
113 1664506811.904844 587020.896655 4141442.117495 -1.571314 -0.007734 0.019718 -0.795078 0.606135
114 1664506812.004844 587020.216340 4141439.605527 -1.601568 -0.006825 0.018453 -0.795219 0.606004
115 1664506812.104844 587019.535322 4141437.099626 -1.631452 -0.006184 0.017776 -0.795295 0.605930
116 1664506812.204844 587018.853316 4141434.599171 -1.662056 -0.005428 0.017401 -0.795344 0.605887
117 1664506812.264844 587018.441095 4141433.104537 -1.680703 -0.005245 0.017760 -0.797647 0.602840
118 1664506812.354844 587017.818654 4141430.873181 -1.709702 -0.005227 0.017347 -0.801821 0.597288
119 1664506812.504843 587016.767919 4141427.172455 -1.753183 -0.006865 0.017215 -0.805082 0.592874
120 1664506812.584844 587016.193739 4141425.203734 -1.772989 -0.007344 0.018209 -0.805757 0.591920
121 1664506812.674843 587015.535583 4141422.997477 -1.795381 -0.007546 0.018917 -0.806199 0.591292
122 1664506812.754843 587014.942248 4141421.045001 -1.816078 -0.007683 0.018923 -0.806459 0.590939
123 1664506812.904843 587013.816676 4141417.396583 -1.854920 -0.007234 0.018953 -0.806695 0.590621
124 1664506812.994843 587013.136236 4141415.216754 -1.879224 -0.006844 0.018595 -0.806783 0.590517
125 1664506813.084843 587012.454781 4141413.043234 -1.903717 -0.006571 0.018151 -0.806847 0.590446
126 1664506813.154843 587011.924736 4141411.356111 -1.922664 -0.006369 0.017888 -0.806883 0.590407
127 1664506813.294843 587010.867428 4141407.989340 -1.960646 -0.006136 0.017954 -0.806916 0.590361
128 1664506813.374843 587010.265078 4141406.070444 -1.982962 -0.006124 0.018179 -0.806925 0.590344
129 1664506813.464843 587009.588549 4141403.917913 -2.007977 -0.006343 0.018152 -0.806933 0.590330
130 1664506813.554842 587008.913111 4141401.771395 -2.032217 -0.006701 0.017900 -0.806943 0.590320
131 1664506813.654842 587008.162850 4141399.380629 -2.057844 -0.007046 0.018231 -0.806922 0.590336
132 1664506813.754842 587007.407714 4141396.972032 -2.084600 -0.007538 0.018634 -0.806888 0.590365
133 1664506813.914842 587006.183575 4141393.078500 -2.129079 -0.008165 0.018509 -0.806806 0.590469
134 1664506813.994842 587005.564773 4141391.109404 -2.151447 -0.008314 0.018604 -0.806753 0.590539
135 1664506814.084842 587004.863121 4141388.874733 -2.177706 -0.008270 0.018956 -0.806694 0.590607
136 1664506814.154842 587004.312806 4141387.122334 -2.199366 -0.008013 0.019304 -0.806648 0.590661
137 1664506814.264842 587003.439838 4141384.348105 -2.236352 -0.007809 0.019165 -0.806614 0.590717
138 1664506814.374842 587002.558357 4141381.545544 -2.276022 -0.005692 0.016857 -0.801565 0.597642
139 1664506814.504842 587001.535247 4141378.212632 -2.326095 -0.002271 0.013972 -0.790457 0.612354
140 1664506814.554842 587001.156264 4141376.931595 -2.345960 -0.001269 0.013049 -0.787708 0.615909
141 1664506814.714841 587000.018207 4141372.827472 -2.410504 0.001495 0.010986 -0.783280 0.621573
142 1664506814.814841 586999.363003 4141370.257086 -2.453757 0.002276 0.011473 -0.782156 0.622972
143 1664506814.894841 586998.862671 4141368.202831 -2.490388 0.001870 0.012210 -0.781577 0.623685
144 1664506814.944841 586998.557679 4141366.919641 -2.513525 0.001442 0.012748 -0.781325 0.623991
145 1664506815.064841 586997.842184 4141363.839231 -2.570533 0.000832 0.014677 -0.780975 0.624388
146 1664506815.154841 586997.314947 4141361.536595 -2.614970 -0.000518 0.016660 -0.783517 0.621148
147 1664506815.244841 586996.786233 4141359.242463 -2.659896 -0.001631 0.017464 -0.786857 0.616888
148 1664506815.394841 586995.887491 4141355.425742 -2.735020 -0.001728 0.018570 -0.789454 0.613527
149 1664506815.474841 586995.397529 4141353.399066 -2.776523 -0.001871 0.018826 -0.790142 0.612632
150 1664506815.614841 586994.517891 4141349.871484 -2.847450 -0.001845 0.017322 -0.790876 0.611730
151 1664506815.684840 586994.071136 4141348.113819 -2.880485 -0.001709 0.016373 -0.791087 0.611482
